sample interval	   ECG1	   ECG2
(0,0078125 sec)	   (mV)	   (mV)
              0	 -0.085	 -0.065
              1	 -0.075	 -0.065
              2	 -0.085	 -0.025
              3	 -0.085	 -0.075
              4	 -0.065	 -0.035
              5	 -0.055	 -0.055
              6	 -0.075	 -0.065
              7	 -0.075	 -0.035
              8	 -0.065	 -0.055
              9	 -0.065	 -0.065
             10	 -0.075	 -0.065
             11	 -0.075	 -0.065
             12	 -0.055	 -0.065
             13	 -0.075	 -0.085
             14	 -0.085	 -0.075
             15	 -0.065	 -0.065
             16	 -0.065	 -0.065
             17	 -0.065	 -0.105
             18	 -0.065	 -0.095
             19	 -0.095	 -0.085
             20	 -0.075	 -0.075
             21	 -0.085	 -0.085
             22	 -0.085	 -0.065
             23	 -0.075	 -0.105
             24	 -0.085	 -0.075
             25	 -0.075	 -0.065
             26	 -0.075	 -0.095
             27	 -0.045	 -0.065
             28	 -0.015	 -0.035
             29	 -0.025	 -0.055
             30	  0.005	 -0.035
             31	  0.025	 -0.015
             32	  0.055	 -0.035
             33	  0.075	 -0.135
             34	  0.015	 -0.155
             35	  0.015	 -0.165
             36	  0.005	 -0.145
             37	 -0.035	 -0.125
             38	 -0.045	 -0.135
             39	 -0.075	 -0.095
             40	 -0.085	 -0.075
             41	 -0.095	 -0.095
             42	 -0.085	 -0.125
             43	 -0.085	 -0.115
             44	 -0.075	 -0.075
             45	 -0.075	 -0.085
             46	 -0.075	 -0.125
             47	 -0.075	 -0.115
             48	 -0.125	 -0.105
             49	 -0.045	  0.015
             50	  0.405	 -0.155
             51	  0.895	 -0.795
             52	  0.925	 -1.325
             53	  0.285	 -1.275
             54	 -0.005	 -0.640
             55	 -0.045	 -0.165
             56	 -0.045	 -0.025
             57	 -0.095	  0.055
             58	 -0.115	  0.065
             59	 -0.135	  0.055
             60	 -0.145	  0.055
             61	 -0.145	  0.065
             62	 -0.115	  0.085
             63	 -0.105	  0.035
             64	 -0.115	  0.055
             65	 -0.105	  0.045
             66	 -0.095	  0.065
             67	 -0.095	  0.075
             68	 -0.065	  0.105
             69	 -0.075	  0.095
             70	 -0.055	  0.065
             71	 -0.025	  0.075
             72	 -0.035	  0.075
             73	 -0.005	  0.095
             74	  0.015	  0.115
             75	  0.035	  0.115
             76	  0.065	  0.135
             77	  0.075	  0.125
             78	  0.135	  0.115
             79	  0.155	  0.105
             80	  0.185	  0.095
             81	  0.195	  0.095
             82	  0.185	  0.085
             83	  0.195	  0.025
             84	  0.175	  0.035
             85	  0.095	 -0.015
             86	  0.055	 -0.035
             87	  0.025	 -0.005
             88	 -0.035	 -0.015
             89	 -0.045	 -0.025
             90	 -0.045	 -0.035
             91	 -0.055	 -0.025
             92	 -0.065	 -0.035
             93	 -0.075	 -0.045
             94	 -0.065	 -0.025
             95	 -0.065	 -0.035
             96	 -0.075	 -0.015
             97	 -0.075	 -0.045
             98	 -0.055	 -0.055
             99	 -0.065	 -0.025
            100	 -0.045	 -0.005
            101	 -0.065	 -0.005
            102	 -0.045	 -0.065
            103	 -0.055	 -0.035
            104	 -0.045	 -0.015
            105	 -0.035	 -0.015
            106	 -0.035	 -0.025
            107	 -0.045	 -0.055
            108	 -0.045	 -0.035
            109	 -0.035	 -0.045
            110	 -0.065	 -0.025
            111	 -0.045	 -0.065
            112	 -0.035	 -0.065
            113	 -0.055	 -0.055
            114	 -0.055	 -0.075
            115	 -0.045	 -0.075
            116	 -0.055	 -0.035
            117	 -0.055	 -0.055
            118	 -0.075	 -0.065
            119	 -0.055	 -0.035
            120	 -0.045	 -0.075
            121	 -0.055	 -0.095
            122	 -0.045	 -0.065
            123	 -0.065	 -0.065
            124	 -0.035	 -0.055
            125	 -0.005	 -0.055
            126	 -0.005	 -0.025
            127	  0.015	 -0.015
            128	  0.045	  0.045
            129	  0.045	 -0.045
            130	  0.095	 -0.105
            131	  0.085	 -0.105
            132	  0.025	 -0.115
            133	  0.035	 -0.145
            134	  0.005	 -0.135
            135	 -0.005	 -0.105
            136	 -0.035	 -0.085
            137	 -0.085	 -0.075
            138	 -0.065	 -0.065
            139	 -0.075	 -0.095
            140	 -0.065	 -0.075
            141	 -0.065	 -0.115
            142	 -0.085	 -0.105
            143	 -0.065	 -0.095
            144	 -0.055	 -0.075
            145	 -0.065	 -0.075
            146	 -0.085	 -0.105
            147	 -0.075	  0.015
            148	  0.395	 -0.175
            149	  0.895	 -0.815
            150	  0.855	 -1.375
            151	  0.215	 -1.145
            152	  0.005	 -0.515
            153	 -0.035	 -0.195
            154	 -0.005	 -0.015
            155	 -0.075	  0.055
            156	 -0.115	  0.055
            157	 -0.105	  0.085
            158	 -0.105	  0.035
            159	 -0.105	  0.035
            160	 -0.105	  0.075
            161	 -0.105	  0.055
            162	 -0.095	  0.045
            163	 -0.075	  0.065
            164	 -0.075	  0.075
            165	 -0.055	  0.065
            166	 -0.065	  0.055
            167	 -0.065	  0.075
            168	 -0.025	  0.095
            169	 -0.015	  0.085
            170	 -0.005	  0.075
            171	  0.005	  0.105
            172	  0.015	  0.125
            173	  0.055	  0.085
            174	  0.075	  0.075
            175	  0.115	  0.095
            176	  0.125	  0.095
            177	  0.145	  0.065
            178	  0.185	  0.065
            179	  0.185	  0.045
            180	  0.205	  0.035
            181	  0.205	  0.025
            182	  0.155	 -0.015
            183	  0.115	 -0.015
            184	  0.055	 -0.025
            185	  0.025	 -0.025
            186	  0.005	 -0.035
            187	 -0.025	 -0.015
            188	 -0.045	 -0.035
            189	 -0.045	 -0.025
            190	 -0.045	 -0.035
            191	 -0.055	 -0.065
            192	 -0.045	 -0.035
            193	 -0.065	 -0.035
            194	 -0.055	 -0.055
            195	 -0.045	 -0.035
            196	 -0.065	 -0.025
            197	 -0.045	 -0.035
            198	 -0.055	 -0.035
            199	 -0.045	 -0.045
            200	 -0.055	 -0.035
            201	 -0.055	 -0.045
            202	 -0.035	 -0.065
            203	 -0.055	 -0.045
            204	 -0.035	 -0.015
            205	 -0.055	 -0.065
            206	 -0.055	 -0.085
            207	 -0.045	 -0.045
            208	 -0.045	 -0.045
            209	 -0.045	 -0.085
            210	 -0.055	 -0.045
            211	 -0.065	 -0.065
            212	 -0.065	 -0.075
            213	 -0.055	 -0.065
            214	 -0.065	 -0.065
            215	 -0.075	 -0.075
            216	 -0.065	 -0.055
            217	 -0.075	 -0.065
            218	 -0.065	 -0.085
            219	 -0.085	 -0.075
            220	 -0.085	 -0.055
            221	 -0.055	 -0.055
            222	 -0.065	 -0.095
            223	 -0.015	 -0.075
            224	 -0.015	  0.005
            225	 -0.025	 -0.015
            226	  0.005	 -0.015
            227	  0.025	 -0.035
            228	  0.075	 -0.065
            229	  0.025	 -0.105
            230	 -0.025	 -0.145
            231	  0.005	 -0.145
            232	 -0.025	 -0.115
            233	 -0.065	 -0.115
            234	 -0.085	 -0.095
            235	 -0.125	 -0.085
            236	 -0.115	 -0.085
            237	 -0.095	 -0.115
            238	 -0.115	 -0.095
            239	 -0.135	 -0.095
            240	 -0.125	 -0.095
            241	 -0.115	 -0.075
            242	 -0.105	 -0.125
            243	 -0.105	 -0.105
            244	 -0.145	 -0.105
            245	 -0.155	  0.025
            246	  0.215	 -0.155
            247	  0.805	 -0.725
            248	  0.755	 -1.325
            249	  0.115	 -1.035
            250	 -0.105	 -0.445
            251	 -0.105	 -0.195
            252	 -0.105	 -0.025
            253	 -0.155	  0.025
            254	 -0.185	  0.035
            255	 -0.185	  0.055
            256	 -0.165	  0.025
            257	 -0.175	  0.035
            258	 -0.175	  0.045
            259	 -0.175	  0.065
            260	 -0.155	  0.065
            261	 -0.145	  0.025
            262	 -0.165	  0.035
            263	 -0.155	  0.065
            264	 -0.125	  0.045
            265	 -0.115	  0.075
            266	 -0.105	  0.035
            267	 -0.105	  0.065
            268	 -0.085	  0.085
            269	 -0.065	  0.065
            270	 -0.065	  0.085
            271	 -0.055	  0.095
            272	 -0.005	  0.075
            273	  0.025	  0.065
            274	  0.045	  0.065
            275	  0.075	  0.055
            276	  0.085	  0.025
            277	  0.095	  0.065
            278	  0.105	  0.015
            279	  0.085	 -0.005
            280	  0.075	  0.015
            281	  0.035	 -0.015
            282	 -0.005	 -0.065
            283	 -0.055	 -0.025
            284	 -0.085	 -0.025
            285	 -0.105	 -0.065
            286	 -0.125	 -0.065
            287	 -0.135	 -0.045
            288	 -0.135	 -0.025
            289	 -0.145	 -0.075
            290	 -0.125	 -0.055
            291	 -0.125	 -0.025
            292	 -0.125	 -0.025
            293	 -0.125	 -0.035
            294	 -0.105	 -0.055
            295	 -0.095	 -0.065
            296	 -0.085	 -0.025
            297	 -0.075	 -0.015
            298	 -0.065	 -0.075
            299	 -0.075	 -0.065
            300	 -0.025	 -0.025
            301	  0.055	 -0.005
            302	  0.145	 -0.105
            303	  0.285	 -0.215
            304	  0.595	 -0.235
            305	  0.915	 -0.295
            306	  1.325	 -0.415
            307	  1.685	 -0.785
            308	  1.985	 -1.105
            309	  2.115	 -1.125
            310	  1.815	 -1.075
            311	  1.175	 -0.765
            312	  0.535	 -0.385
            313	 -0.105	 -0.055
            314	 -0.445	  0.085
            315	 -0.485	  0.125
            316	 -0.495	  0.135
            317	 -0.515	  0.075
            318	 -0.525	  0.095
            319	 -0.525	  0.135
            320	 -0.525	  0.125
            321	 -0.525	  0.145
            322	 -0.505	  0.185
            323	 -0.505	  0.205
            324	 -0.505	  0.155
            325	 -0.535	  0.195
            326	 -0.575	  0.145
            327	 -0.595	  0.115
            328	 -0.665	  0.125
            329	 -0.775	  0.135
            330	 -0.825	  0.175
            331	 -0.835	  0.195
            332	 -0.885	  0.245
            333	 -0.905	  0.235
            334	 -0.925	  0.255
            335	 -0.885	  0.215
            336	 -0.815	  0.205
            337	 -0.765	  0.145
            338	 -0.645	  0.105
            339	 -0.525	  0.065
            340	 -0.395	  0.035
            341	 -0.295	  0.005
            342	 -0.235	 -0.005
            343	 -0.205	 -0.045
            344	 -0.185	 -0.025
            345	 -0.175	 -0.025
            346	 -0.155	 -0.045
            347	 -0.165	 -0.085
            348	 -0.165	 -0.055
            349	 -0.145	 -0.035
            350	 -0.175	 -0.045
            351	 -0.155	 -0.075
            352	 -0.145	 -0.055
            353	 -0.145	 -0.045
            354	 -0.125	 -0.055
            355	 -0.135	 -0.055
            356	 -0.125	 -0.045
            357	 -0.135	 -0.055
            358	 -0.145	 -0.065
            359	 -0.115	 -0.065
            360	 -0.115	 -0.075
            361	 -0.115	 -0.065
            362	 -0.105	 -0.065
            363	 -0.115	 -0.055
            364	 -0.105	 -0.075
            365	 -0.095	 -0.075
            366	 -0.105	 -0.075
            367	 -0.105	 -0.065
            368	 -0.095	 -0.055
            369	 -0.105	 -0.055
            370	 -0.075	 -0.105
            371	 -0.075	 -0.105
            372	 -0.075	 -0.075
            373	 -0.075	 -0.085
            374	 -0.085	 -0.085
            375	 -0.095	 -0.075
            376	 -0.075	 -0.065
            377	 -0.085	 -0.085
            378	 -0.065	 -0.075
            379	 -0.065	 -0.085
            380	 -0.055	 -0.085
            381	 -0.055	 -0.095
            382	 -0.075	 -0.095
            383	 -0.065	 -0.085
            384	 -0.055	 -0.075
            385	 -0.055	 -0.085
            386	 -0.045	 -0.085
            387	 -0.065	 -0.055
            388	 -0.055	 -0.095
            389	 -0.035	 -0.095
            390	 -0.055	 -0.085
            391	 -0.055	 -0.065
            392	 -0.045	 -0.105
            393	 -0.055	 -0.075
            394	 -0.025	 -0.075
            395	 -0.055	 -0.095
            396	 -0.045	 -0.085
            397	 -0.035	 -0.075
            398	 -0.045	 -0.115
            399	 -0.055	 -0.085
            400	 -0.045	 -0.065
            401	 -0.045	 -0.075
            402	 -0.045	 -0.055
            403	 -0.045	 -0.115
            404	 -0.035	 -0.095
            405	 -0.035	 -0.085
            406	 -0.055	 -0.085
            407	 -0.045	 -0.065
            408	 -0.025	 -0.045
            409	 -0.025	 -0.125
            410	 -0.035	 -0.085
            411	 -0.035	 -0.095
            412	 -0.035	 -0.085
            413	 -0.035	 -0.065
            414	 -0.035	 -0.105
            415	 -0.025	 -0.095
            416	 -0.025	 -0.065
            417	 -0.035	 -0.075
            418	 -0.015	 -0.095
            419	 -0.025	 -0.105
            420	  0.005	 -0.035
            421	  0.035	 -0.055
            422	  0.045	 -0.085
            423	  0.055	 -0.045
            424	  0.075	 -0.005
            425	  0.085	 -0.065
            426	  0.145	 -0.115
            427	  0.095	 -0.115
            428	  0.065	 -0.145
            429	  0.055	 -0.165
            430	  0.035	 -0.185
            431	  0.005	 -0.095
            432	 -0.035	 -0.115
            433	 -0.065	 -0.115
            434	 -0.045	 -0.115
            435	 -0.055	 -0.135
            436	 -0.045	 -0.105
            437	 -0.045	 -0.105
            438	 -0.055	 -0.095
            439	 -0.055	 -0.115
            440	 -0.045	 -0.095
            441	 -0.085	 -0.115
            442	 -0.025	 -0.005
            443	  0.375	 -0.165
            444	  0.865	 -0.695
            445	  1.055	 -1.165
            446	  0.415	 -1.205
            447	  0.025	 -0.625
            448	 -0.035	 -0.275
            449	 -0.025	 -0.115
            450	 -0.045	  0.005
            451	 -0.085	  0.035
            452	 -0.105	  0.045
            453	 -0.105	  0.045
            454	 -0.115	  0.055
            455	 -0.095	  0.035
            456	 -0.085	  0.005
            457	 -0.085	  0.045
            458	 -0.075	  0.055
            459	 -0.075	  0.045
            460	 -0.055	  0.045
            461	 -0.035	  0.055
            462	 -0.055	  0.065
            463	 -0.025	  0.065
            464	 -0.025	  0.045
            465	 -0.015	  0.065
            466	  0.015	  0.075
            467	  0.035	  0.065
            468	  0.045	  0.085
            469	  0.055	  0.095
            470	  0.075	  0.045
            471	  0.125	  0.055
            472	  0.145	  0.115
            473	  0.155	  0.045
            474	  0.185	  0.025
            475	  0.205	  0.065
            476	  0.225	  0.025
            477	  0.225	 -0.005
            478	  0.195	 -0.005
            479	  0.165	 -0.035
            480	  0.125	 -0.045
            481	  0.065	 -0.085
            482	  0.025	 -0.085
            483	  0.005	 -0.075
            484	 -0.025	 -0.085
            485	 -0.015	 -0.055
            486	 -0.035	 -0.065
            487	 -0.035	 -0.105
            488	 -0.035	 -0.085
            489	 -0.035	 -0.075
            490	 -0.035	 -0.075
            491	 -0.045	 -0.065
            492	 -0.035	 -0.065
            493	 -0.025	 -0.085
            494	 -0.045	 -0.075
            495	 -0.035	 -0.095
            496	 -0.025	 -0.065
            497	 -0.055	 -0.105
            498	 -0.015	 -0.085
            499	 -0.025	 -0.105
            500	 -0.045	 -0.095
            501	 -0.045	 -0.085
            502	 -0.035	 -0.105
            503	 -0.065	 -0.105
            504	 -0.035	 -0.125
            505	 -0.065	 -0.105
            506	 -0.045	 -0.105
            507	 -0.055	 -0.095
            508	 -0.045	 -0.105
            509	 -0.055	 -0.095
            510	 -0.065	 -0.125
            511	 -0.045	 -0.105
            512	 -0.055	 -0.085
            513	 -0.065	 -0.135
            514	 -0.055	 -0.105
            515	 -0.025	 -0.095
            516	  0.005	 -0.065
            517	 -0.005	 -0.045
            518	  0.015	 -0.065
            519	  0.035	 -0.045
            520	  0.085	 -0.115
            521	  0.075	 -0.175
            522	  0.025	 -0.175
            523	  0.015	 -0.195
            524	 -0.015	 -0.185
            525	 -0.025	 -0.165
            526	 -0.035	 -0.145
            527	 -0.075	 -0.125
            528	 -0.095	 -0.115
            529	 -0.105	 -0.125
            530	 -0.095	 -0.125
            531	 -0.105	 -0.135
            532	 -0.095	 -0.105
            533	 -0.095	 -0.115
            534	 -0.115	 -0.125
            535	 -0.085	 -0.105
            536	 -0.095	 -0.125
            537	 -0.155	 -0.135
            538	 -0.015	 -0.035
            539	  0.415	 -0.335
            540	  0.865	 -0.935
            541	  0.615	 -1.395
            542	  0.055	 -0.935
            543	 -0.095	 -0.415
            544	 -0.055	 -0.145
            545	 -0.075	 -0.035
            546	 -0.145	  0.005
            547	 -0.165	  0.005
            548	 -0.145	  0.005
            549	 -0.145	 -0.025
            550	 -0.155	 -0.005
            551	 -0.145	  0.015
            552	 -0.145	  0.005
            553	 -0.145	  0.015
            554	 -0.125	 -0.015
            555	 -0.115	 -0.025
            556	 -0.115	  0.045
            557	 -0.105	 -0.005
            558	 -0.105	 -0.025
            559	 -0.095	  0.025
            560	 -0.055	  0.025
            561	 -0.065	  0.005
            562	 -0.035	  0.035
            563	 -0.015	  0.035
            564	 -0.015	  0.055
            565	  0.025	  0.015
            566	  0.045	  0.005
            567	  0.085	  0.025
            568	  0.095	  0.025
            569	  0.115	  0.045
            570	  0.135	 -0.005
            571	  0.145	 -0.025
            572	  0.125	 -0.025
            573	  0.105	 -0.065
            574	  0.015	 -0.085
            575	 -0.005	 -0.065
            576	 -0.035	 -0.085
            577	 -0.085	 -0.105
            578	 -0.095	 -0.085
            579	 -0.115	 -0.095
            580	 -0.125	 -0.085
            581	 -0.125	 -0.085
            582	 -0.135	 -0.085
            583	 -0.115	 -0.115
            584	 -0.105	 -0.075
            585	 -0.125	 -0.065
            586	 -0.105	 -0.115
            587	 -0.115	 -0.065
            588	 -0.095	 -0.105
            589	 -0.095	 -0.095
            590	 -0.105	 -0.095
            591	 -0.075	 -0.085
            592	 -0.055	 -0.115
            593	 -0.025	 -0.065
            594	  0.085	 -0.085
            595	  0.145	 -0.165
            596	  0.305	 -0.295
            597	  0.635	 -0.325
            598	  0.955	 -0.375
            599	  1.315	 -0.545
            600	  1.705	 -0.875
            601	  2.015	 -1.135
            602	  2.095	 -1.115
            603	  1.745	 -1.055
            604	  1.105	 -0.735
            605	  0.465	 -0.385
            606	 -0.175	 -0.085
            607	 -0.435	  0.065
            608	 -0.445	  0.065
            609	 -0.475	  0.085
            610	 -0.465	  0.095
            611	 -0.455	  0.115
            612	 -0.455	  0.125
            613	 -0.445	  0.145
            614	 -0.415	  0.115
            615	 -0.395	  0.055
            616	 -0.465	  0.045
            617	 -0.525	  0.065
            618	 -0.555	  0.025
            619	 -0.585	  0.065
            620	 -0.665	  0.145
            621	 -0.755	  0.145
            622	 -0.855	  0.155
            623	 -0.895	  0.175
            624	 -0.925	  0.185
            625	 -0.955	  0.225
            626	 -0.955	  0.205
            627	 -0.975	  0.185
            628	 -0.905	  0.185
            629	 -0.835	  0.135
            630	 -0.775	  0.105
            631	 -0.665	  0.085
            632	 -0.535	  0.055
            633	 -0.415	 -0.055
            634	 -0.325	 -0.075
            635	 -0.265	 -0.065
            636	 -0.225	 -0.055
            637	 -0.195	 -0.065
            638	 -0.225	 -0.105
            639	 -0.215	 -0.085
            640	 -0.185	 -0.075
            641	 -0.205	 -0.095
            642	 -0.205	 -0.085
            643	 -0.195	 -0.085
            644	 -0.175	 -0.095
            645	 -0.175	 -0.085
            646	 -0.185	 -0.095
            647	 -0.155	 -0.105
            648	 -0.145	 -0.115
            649	 -0.175	 -0.115
            650	 -0.155	 -0.105
            651	 -0.145	 -0.085
            652	 -0.145	 -0.135
            653	 -0.135	 -0.125
            654	 -0.155	 -0.105
            655	 -0.135	 -0.125
            656	 -0.155	 -0.085
            657	 -0.135	 -0.115
            658	 -0.125	 -0.125
            659	 -0.125	 -0.115
            660	 -0.125	 -0.125
            661	 -0.135	 -0.095
            662	 -0.115	 -0.085
            663	 -0.115	 -0.145
            664	 -0.105	 -0.145
            665	 -0.105	 -0.125
            666	 -0.105	 -0.105
            667	 -0.105	 -0.115
            668	 -0.085	 -0.125
            669	 -0.125	 -0.115
            670	 -0.125	 -0.095
            671	 -0.095	 -0.115
            672	 -0.105	 -0.125
            673	 -0.105	 -0.105
            674	 -0.095	 -0.095
            675	 -0.115	 -0.135
            676	 -0.095	 -0.105
            677	 -0.105	 -0.115
            678	 -0.105	 -0.125
            679	 -0.105	 -0.115
            680	 -0.095	 -0.105
            681	 -0.095	 -0.105
            682	 -0.105	 -0.095
            683	 -0.105	 -0.075
            684	 -0.095	 -0.115
            685	 -0.095	 -0.115
            686	 -0.105	 -0.115
            687	 -0.105	 -0.085
            688	 -0.095	 -0.095
            689	 -0.085	 -0.075
            690	 -0.075	 -0.135
            691	 -0.095	 -0.115
            692	 -0.095	 -0.095
            693	 -0.115	 -0.105
            694	 -0.095	 -0.095
            695	 -0.075	 -0.085
            696	 -0.085	 -0.095
            697	 -0.105	 -0.095
            698	 -0.085	 -0.095
            699	 -0.105	 -0.125
            700	 -0.085	 -0.055
            701	 -0.085	 -0.115
            702	 -0.105	 -0.125
            703	 -0.095	 -0.105
            704	 -0.105	 -0.075
            705	 -0.075	 -0.085
            706	 -0.025	 -0.075
            707	 -0.025	 -0.075
            708	 -0.005	 -0.035
            709	 -0.015	 -0.045
            710	 -0.025	 -0.005
            711	  0.085	 -0.145
            712	  0.055	 -0.125
            713	  0.015	 -0.105
            714	  0.025	 -0.185
            715	  0.005	 -0.155
            716	 -0.035	 -0.105
            717	 -0.065	 -0.115
            718	 -0.115	 -0.145
            719	 -0.105	 -0.125
            720	 -0.105	 -0.095
            721	 -0.095	 -0.125
            722	 -0.085	 -0.105
            723	 -0.105	 -0.115
            724	 -0.085	 -0.085
            725	 -0.085	 -0.115
            726	 -0.145	 -0.125
            727	 -0.135	 -0.015
            728	  0.175	 -0.075
            729	  0.715	 -0.365
            730	  1.105	 -0.915
            731	  0.465	 -1.105
            732	 -0.025	 -0.615
            733	 -0.145	 -0.345
            734	 -0.115	 -0.145
            735	 -0.135	 -0.025
            736	 -0.165	  0.045
            737	 -0.165	  0.045
            738	 -0.155	 -0.005
            739	 -0.175	 -0.005
            740	 -0.175	  0.035
            741	 -0.155	  0.025
            742	 -0.155	  0.045
            743	 -0.145	  0.025
            744	 -0.135	  0.015
            745	 -0.155	  0.035
            746	 -0.125	  0.045
            747	 -0.115	  0.025
            748	 -0.095	  0.045
            749	 -0.085	  0.045
            750	 -0.085	  0.045
            751	 -0.065	  0.055
            752	 -0.035	  0.085
            753	 -0.025	  0.105
            754	  0.015	  0.045
            755	  0.035	  0.045
            756	  0.055	  0.065
            757	  0.075	  0.085
            758	  0.095	  0.065
            759	  0.125	  0.025
            760	  0.145	  0.045
            761	  0.155	  0.035
            762	  0.155	  0.005
            763	  0.155	  0.015
            764	  0.105	 -0.055
            765	  0.055	 -0.065
            766	  0.025	 -0.075
            767	 -0.015	 -0.055
            768	 -0.035	 -0.025
            769	 -0.055	 -0.075
            770	 -0.055	 -0.085
            771	 -0.075	 -0.035
            772	 -0.075	 -0.045
            773	 -0.085	 -0.035
            774	 -0.085	 -0.065
            775	 -0.075	 -0.045
            776	 -0.065	 -0.035
            777	 -0.065	 -0.045
            778	 -0.075	 -0.055
            779	 -0.055	 -0.045
            780	 -0.065	 -0.045
            781	 -0.045	 -0.055
            782	 -0.055	 -0.065
            783	 -0.065	 -0.055
            784	 -0.045	 -0.025
            785	 -0.045	 -0.065
            786	 -0.035	 -0.065
            787	 -0.055	 -0.085
            788	 -0.045	 -0.055
            789	 -0.045	 -0.065
            790	 -0.065	 -0.065
            791	 -0.055	 -0.055
            792	 -0.045	 -0.085
            793	 -0.045	 -0.065
            794	 -0.065	 -0.065
            795	 -0.035	 -0.065
            796	 -0.015	 -0.015
            797	  0.005	 -0.035
            798	  0.005	 -0.035
            799	  0.025	 -0.005
            800	  0.025	 -0.005
            801	  0.095	 -0.085
            802	  0.095	 -0.125
            803	  0.035	 -0.125
            804	  0.015	 -0.145
            805	  0.015	 -0.155
            806	 -0.005	 -0.115
            807	 -0.045	 -0.085
            808	 -0.075	 -0.065
            809	 -0.085	 -0.095
            810	 -0.075	 -0.115
            811	 -0.075	 -0.085
            812	 -0.065	 -0.095
            813	 -0.075	 -0.085
            814	 -0.095	 -0.085
            815	 -0.075	 -0.075
            816	 -0.055	 -0.075
            817	 -0.095	 -0.075
            818	 -0.085	 -0.035
            819	  0.165	 -0.045
            820	  0.705	 -0.485
            821	  1.055	 -1.125
            822	  0.515	 -1.395
            823	  0.055	 -0.835
            824	 -0.065	 -0.365
            825	 -0.045	 -0.105
            826	 -0.045	  0.065
            827	 -0.115	  0.035
            828	 -0.115	  0.035
            829	 -0.125	  0.055
            830	 -0.135	  0.065
            831	 -0.115	  0.065
            832	 -0.105	  0.085
            833	 -0.115	  0.035
            834	 -0.085	  0.045
            835	 -0.095	  0.065
            836	 -0.075	  0.085
            837	 -0.045	  0.115
            838	 -0.065	  0.055
            839	 -0.035	  0.085
            840	 -0.015	  0.095
            841	 -0.005	  0.085
            842	  0.015	  0.095
            843	  0.025	  0.125
            844	  0.045	  0.115
            845	  0.065	  0.135
            846	  0.085	  0.145
            847	  0.145	  0.085
            848	  0.165	  0.095
            849	  0.185	  0.105
            850	  0.205	  0.095
            851	  0.215	  0.075
            852	  0.215	  0.045
            853	  0.185	  0.015
            854	  0.125	 -0.005
            855	  0.065	 -0.025
            856	  0.025	 -0.015
            857	 -0.005	 -0.055
            858	 -0.045	 -0.045
            859	 -0.065	 -0.065
            860	 -0.075	 -0.035
            861	 -0.075	 -0.055
            862	 -0.075	 -0.035
            863	 -0.075	 -0.055
            864	 -0.075	 -0.045
            865	 -0.085	 -0.065
            866	 -0.075	 -0.055
            867	 -0.075	 -0.035
            868	 -0.065	 -0.035
            869	 -0.055	 -0.055
            870	 -0.075	 -0.035
            871	 -0.065	 -0.055
            872	 -0.055	 -0.055
            873	 -0.035	 -0.035
            874	 -0.055	 -0.045
            875	 -0.055	 -0.055
            876	 -0.055	 -0.065
            877	 -0.065	 -0.075
            878	 -0.055	 -0.065
            879	 -0.045	 -0.075
            880	 -0.045	 -0.045
            881	 -0.045	 -0.075
            882	 -0.055	 -0.095
            883	 -0.065	 -0.085
            884	 -0.065	 -0.055
            885	 -0.045	 -0.065
            886	 -0.015	 -0.085
            887	  0.005	 -0.035
            888	  0.005	 -0.035
            889	  0.005	 -0.055
            890	  0.015	 -0.035
            891	  0.065	 -0.075
            892	  0.085	 -0.125
            893	  0.025	 -0.175
            894	  0.005	 -0.195
            895	 -0.005	 -0.155
            896	 -0.045	 -0.165
            897	 -0.065	 -0.115
            898	 -0.095	 -0.135
            899	 -0.105	 -0.125
            900	 -0.105	 -0.125
            901	 -0.095	 -0.115
            902	 -0.105	 -0.125
            903	 -0.095	 -0.125
            904	 -0.095	 -0.125
            905	 -0.095	 -0.105
            906	 -0.075	 -0.125
            907	 -0.125	 -0.145
            908	 -0.115	 -0.035
            909	  0.245	 -0.165
            910	  0.755	 -0.705
            911	  0.985	 -1.305
            912	  0.345	 -1.385
            913	 -0.025	 -0.750
            914	 -0.105	 -0.335
            915	 -0.075	 -0.125
            916	 -0.115	 -0.005
            917	 -0.145	  0.005
            918	 -0.155	  0.005
            919	 -0.155	  0.005
            920	 -0.135	  0.015
            921	 -0.145	  0.005
            922	 -0.145	 -0.025
            923	 -0.135	  0.005
            924	 -0.125	  0.015
            925	 -0.115	 -0.005
            926	 -0.115	  0.005
            927	 -0.095	  0.025
            928	 -0.105	  0.025
            929	 -0.105	  0.035
            930	 -0.075	  0.025
            931	 -0.065	  0.025
            932	 -0.055	  0.085
            933	 -0.035	  0.015
            934	 -0.015	  0.055
            935	  0.025	  0.015
            936	  0.045	  0.035
            937	  0.075	  0.035
            938	  0.115	  0.025
            939	  0.115	  0.005
            940	  0.145	  0.015
            941	  0.165	 -0.005
            942	  0.155	 -0.015
            943	  0.145	 -0.025
            944	  0.085	 -0.065
            945	  0.025	 -0.085
            946	 -0.005	 -0.095
            947	 -0.045	 -0.105
            948	 -0.085	 -0.095
            949	 -0.095	 -0.095
            950	 -0.105	 -0.105
            951	 -0.135	 -0.095
            952	 -0.125	 -0.065
            953	 -0.125	 -0.095
            954	 -0.105	 -0.125
            955	 -0.115	 -0.095
            956	 -0.135	 -0.095
            957	 -0.115	 -0.075
            958	 -0.115	 -0.105
            959	 -0.105	 -0.125
            960	 -0.105	 -0.085
            961	 -0.105	 -0.065
            962	 -0.105	 -0.085
            963	 -0.105	 -0.105
            964	 -0.085	 -0.075
            965	 -0.075	 -0.115
            966	 -0.105	 -0.115
            967	 -0.085	 -0.105
            968	 -0.085	 -0.105
            969	 -0.115	 -0.085
            970	 -0.095	 -0.105
            971	 -0.095	 -0.145
            972	 -0.105	 -0.115
            973	 -0.105	 -0.115
            974	 -0.105	 -0.135
            975	 -0.105	 -0.125
            976	 -0.075	 -0.105
            977	 -0.055	 -0.085
            978	 -0.055	 -0.105
            979	 -0.045	 -0.075
            980	 -0.035	 -0.045
            981	 -0.005	 -0.105
            982	  0.035	 -0.175
            983	 -0.015	 -0.175
            984	 -0.035	 -0.195
            985	 -0.035	 -0.215
            986	 -0.055	 -0.205
            987	 -0.095	 -0.155
            988	 -0.135	 -0.115
            989	 -0.145	 -0.155
            990	 -0.155	 -0.165
            991	 -0.145	 -0.145
            992	 -0.155	 -0.115
            993	 -0.135	 -0.105
            994	 -0.145	 -0.165
            995	 -0.145	 -0.165
            996	 -0.115	 -0.115
            997	 -0.155	 -0.175
            998	 -0.185	 -0.115
            999	  0.025	 -0.075
           1000	  0.575	 -0.425
           1001	  0.965	 -1.065
           1002	  0.485	 -1.425
           1003	  0.025	 -0.915
           1004	 -0.135	 -0.435
           1005	 -0.095	 -0.185
           1006	 -0.145	 -0.065
           1007	 -0.185	  0.005
           1008	 -0.185	  0.025
           1009	 -0.185	 -0.015
           1010	 -0.185	 -0.015
           1011	 -0.185	  0.015
           1012	 -0.175	 -0.015
           1013	 -0.165	 -0.005
           1014	 -0.185	  0.005
           1015	 -0.155	  0.045
           1016	 -0.135	 -0.015
           1017	 -0.145	  0.005
           1018	 -0.135	  0.025
           1019	 -0.125	  0.025
           1020	 -0.105	  0.045
           1021	 -0.095	  0.025
           1022	 -0.095	  0.015
           1023	 -0.075	  0.035
           1024	 -0.045	  0.055
           1025	 -0.035	  0.075
           1026	  0.005	  0.055
           1027	  0.045	  0.055
           1028	  0.075	  0.035
           1029	  0.095	  0.015
           1030	  0.105	  0.025
           1031	  0.135	  0.015
           1032	  0.125	  0.015
           1033	  0.115	 -0.045
           1034	  0.055	 -0.045
           1035	 -0.005	 -0.055
           1036	 -0.055	 -0.035
           1037	 -0.085	 -0.065
           1038	 -0.095	 -0.085
           1039	 -0.115	 -0.095
           1040	 -0.135	 -0.055
           1041	 -0.145	 -0.075
           1042	 -0.135	 -0.105
           1043	 -0.145	 -0.065
           1044	 -0.155	 -0.055
           1045	 -0.135	 -0.055
           1046	 -0.145	 -0.085
           1047	 -0.145	 -0.065
           1048	 -0.135	 -0.045
           1049	 -0.115	 -0.055
           1050	 -0.115	 -0.075
           1051	 -0.115	 -0.055
           1052	 -0.125	 -0.045
           1053	 -0.115	 -0.045
           1054	 -0.125	 -0.085
           1055	 -0.105	 -0.065
           1056	 -0.105	 -0.055
           1057	 -0.115	 -0.065
           1058	 -0.115	 -0.055
           1059	 -0.115	 -0.095
           1060	 -0.105	 -0.065
           1061	 -0.105	 -0.065
           1062	 -0.115	 -0.065
           1063	 -0.115	 -0.105
           1064	 -0.115	 -0.065
           1065	 -0.115	 -0.075
           1066	 -0.105	 -0.085
           1067	 -0.085	 -0.095
           1068	 -0.075	 -0.015
           1069	 -0.035	 -0.045
           1070	 -0.035	 -0.025
           1071	 -0.025	 -0.005
           1072	  0.015	 -0.085
           1073	  0.025	 -0.125
           1074	 -0.045	 -0.145
           1075	 -0.045	 -0.135
           1076	 -0.035	 -0.155
           1077	 -0.075	 -0.185
           1078	 -0.105	 -0.105
           1079	 -0.145	 -0.055
           1080	 -0.135	 -0.105
           1081	 -0.125	 -0.105
           1082	 -0.135	 -0.095
           1083	 -0.155	 -0.115
           1084	 -0.155	 -0.085
           1085	 -0.145	 -0.085
           1086	 -0.135	 -0.095
           1087	 -0.145	 -0.105
           1088	 -0.165	 -0.115
           1089	 -0.085	  0.005
           1090	  0.325	 -0.175
           1091	  0.855	 -0.745
           1092	  0.945	 -1.265
           1093	  0.305	 -1.275
           1094	 -0.085	 -0.685
           1095	 -0.155	 -0.305
           1096	 -0.095	 -0.035
           1097	 -0.145	  0.055
           1098	 -0.165	  0.025
           1099	 -0.175	  0.065
           1100	 -0.175	  0.055
           1101	 -0.175	  0.045
           1102	 -0.165	  0.025
           1103	 -0.165	  0.075
           1104	 -0.155	  0.095
           1105	 -0.125	  0.025
           1106	 -0.125	  0.045
           1107	 -0.125	  0.075
           1108	 -0.125	  0.075
           1109	 -0.105	  0.085
           1110	 -0.095	  0.055
           1111	 -0.065	  0.095
           1112	 -0.065	  0.085
           1113	 -0.015	  0.115
           1114	 -0.015	  0.125
           1115	  0.005	  0.105
           1116	  0.035	  0.125
           1117	  0.055	  0.115
           1118	  0.085	  0.105
           1119	  0.115	  0.095
           1120	  0.145	  0.115
           1121	  0.155	  0.095
           1122	  0.175	  0.085
           1123	  0.155	  0.045
           1124	  0.135	  0.015
           1125	  0.075	 -0.005
           1126	  0.015	 -0.015
           1127	 -0.035	 -0.005
           1128	 -0.055	 -0.055
           1129	 -0.065	 -0.025
           1130	 -0.095	 -0.025
           1131	 -0.105	 -0.065
           1132	 -0.095	 -0.015
           1133	 -0.105	 -0.035
           1134	 -0.105	 -0.045
           1135	 -0.105	 -0.025
           1136	 -0.105	 -0.025
           1137	 -0.075	 -0.055
           1138	 -0.105	 -0.055
           1139	 -0.095	 -0.025
           1140	 -0.075	 -0.005
           1141	 -0.095	 -0.015
           1142	 -0.085	 -0.055
           1143	 -0.075	 -0.045
           1144	 -0.075	 -0.025
           1145	 -0.055	  0.015
           1146	 -0.065	 -0.025
           1147	 -0.065	 -0.065
           1148	 -0.075	 -0.035
           1149	 -0.075	 -0.035
           1150	 -0.055	 -0.065
           1151	 -0.055	 -0.065
           1152	 -0.065	 -0.035
           1153	 -0.065	 -0.035
           1154	 -0.055	 -0.055
           1155	 -0.055	 -0.055
           1156	 -0.065	 -0.065
           1157	 -0.055	 -0.045
           1158	 -0.045	 -0.085
           1159	 -0.015	 -0.025
           1160	  0.005	 -0.015
           1161	 -0.005	  0.015
           1162	  0.015	 -0.005
           1163	  0.035	 -0.055
           1164	  0.095	 -0.065
           1165	  0.035	 -0.105
           1166	  0.005	 -0.165
           1167	  0.005	 -0.145
           1168	 -0.005	 -0.115
           1169	 -0.055	 -0.095
           1170	 -0.085	 -0.055
           1171	 -0.095	 -0.085
           1172	 -0.095	 -0.085
           1173	 -0.095	 -0.085
           1174	 -0.105	 -0.085
           1175	 -0.095	 -0.075
           1176	 -0.095	 -0.055
           1177	 -0.085	 -0.075
           1178	 -0.085	 -0.085
           1179	 -0.115	 -0.095
           1180	  0.035	  0.025
           1181	  0.525	 -0.325
           1182	  0.955	 -0.965
           1183	  0.675	 -1.475
           1184	  0.095	 -1.065
           1185	 -0.035	 -0.455
           1186	 -0.035	 -0.175
           1187	 -0.055	  0.025
           1188	 -0.125	  0.095
           1189	 -0.145	  0.065
           1190	 -0.135	  0.085
           1191	 -0.145	  0.075
           1192	 -0.125	  0.085
           1193	 -0.115	  0.075
           1194	 -0.125	  0.085
           1195	 -0.105	  0.085
           1196	 -0.095	  0.075
           1197	 -0.115	  0.065
           1198	 -0.095	  0.095
           1199	 -0.075	  0.105
           1200	 -0.065	  0.105
           1201	 -0.045	  0.095
           1202	 -0.045	  0.135
           1203	 -0.025	  0.115
           1204	  0.005	  0.145
           1205	 -0.005	  0.125
           1206	  0.025	  0.115
           1207	  0.065	  0.155
           1208	  0.105	  0.125
           1209	  0.125	  0.125
           1210	  0.165	  0.125
           1211	  0.185	  0.105
           1212	  0.195	  0.085
           1213	  0.205	  0.105
           1214	  0.185	  0.045
           1215	  0.145	  0.025
           1216	  0.095	 -0.025
           1217	  0.035	  0.005
           1218	  0.005	 -0.025
           1219	 -0.035	 -0.025
           1220	 -0.065	 -0.025
           1221	 -0.075	 -0.045
           1222	 -0.085	 -0.025
           1223	 -0.085	 -0.015
           1224	 -0.085	 -0.035
           1225	 -0.085	 -0.025
           1226	 -0.085	  0.005
           1227	 -0.075	 -0.035
           1228	 -0.065	 -0.035
           1229	 -0.065	 -0.035
           1230	 -0.075	 -0.005
           1231	 -0.085	 -0.035
           1232	 -0.065	 -0.035
           1233	 -0.065	 -0.025
           1234	 -0.075	 -0.015
           1235	 -0.065	 -0.025
           1236	 -0.045	 -0.015
           1237	 -0.065	 -0.005
           1238	 -0.065	 -0.055
           1239	 -0.055	 -0.055
           1240	 -0.065	 -0.055
           1241	 -0.055	 -0.045
           1242	 -0.055	 -0.015
           1243	 -0.055	 -0.085
           1244	 -0.055	 -0.065
           1245	 -0.075	 -0.075
           1246	 -0.065	 -0.085
           1247	 -0.055	 -0.055
           1248	 -0.055	 -0.065
           1249	 -0.015	 -0.045
           1250	 -0.005	  0.005
           1251	  0.005	 -0.025
           1252	  0.015	 -0.015
           1253	  0.005	 -0.035
           1254	  0.065	 -0.105
           1255	  0.035	 -0.095
           1256	  0.015	 -0.145
           1257	  0.015	 -0.165
           1258	  0.005	 -0.155
           1259	 -0.045	 -0.115
           1260	 -0.065	 -0.075
           1261	 -0.095	 -0.105
           1262	 -0.105	 -0.105
           1263	 -0.095	 -0.105
           1264	 -0.105	 -0.085
           1265	 -0.105	 -0.075
           1266	 -0.105	 -0.105
           1267	 -0.105	 -0.065
           1268	 -0.095	 -0.095
           1269	 -0.085	 -0.105
           1270	 -0.155	 -0.105
           1271	 -0.045	  0.045
           1272	  0.405	 -0.285
           1273	  0.845	 -0.925
           1274	  0.705	 -1.465
           1275	  0.065	 -1.135
           1276	 -0.085	 -0.500
           1277	 -0.065	 -0.185
           1278	 -0.105	 -0.005
           1279	 -0.155	  0.045
