sample interval	   ECG1	   ECG2
(0,0078125 sec)	   (mV)	   (mV)
              0	 -0.150	 -0.080
              1	 -0.130	 -0.080
              2	 -0.200	 -0.100
              3	 -0.170	 -0.080
              4	 -0.130	 -0.090
              5	 -0.190	 -0.080
              6	 -0.180	 -0.070
              7	 -0.190	 -0.060
              8	 -0.190	 -0.070
              9	 -0.120	 -0.050
             10	 -0.140	 -0.060
             11	 -0.130	 -0.030
             12	 -0.150	 -0.040
             13	 -0.060	 -0.020
             14	 -0.070	 -0.020
             15	  0.020	  0.000
             16	 -0.010	  0.030
             17	  0.050	  0.000
             18	  0.070	 -0.140
             19	 -0.030	 -0.180
             20	  0.030	 -0.100
             21	 -0.060	 -0.160
             22	 -0.050	 -0.180
             23	 -0.110	 -0.230
             24	  0.080	 -0.130
             25	 -0.180	 -0.140
             26	  0.040	 -0.020
             27	 -0.170	 -0.050
             28	  0.010	  0.000
             29	 -0.250	 -0.090
             30	 -0.120	  0.030
             31	 -0.200	 -0.090
             32	 -0.100	 -0.090
             33	 -0.240	 -0.020
             34	 -0.110	 -0.070
             35	 -0.070	 -0.010
             36	 -0.050	  0.260
             37	  0.150	  0.260
             38	  0.380	 -0.380
             39	  1.015	 -1.020
             40	  1.650	 -1.660
             41	  1.010	 -1.950
             42	  0.370	 -1.830
             43	 -0.270	 -1.195
             44	 -0.760	 -0.560
             45	 -0.125	  0.050
             46	 -0.190	  0.030
             47	 -0.220	  0.070
             48	 -0.180	  0.090
             49	 -0.160	  0.100
             50	 -0.240	  0.110
             51	  0.080	  0.110
             52	 -0.080	  0.140
             53	  0.060	  0.080
             54	  0.010	  0.080
             55	 -0.060	  0.060
             56	 -0.100	  0.090
             57	 -0.010	  0.060
             58	  0.010	  0.080
             59	  0.050	  0.080
             60	  0.010	  0.110
             61	  0.220	  0.110
             62	  0.030	  0.120
             63	  0.160	  0.130
             64	  0.180	  0.170
             65	  0.290	  0.210
             66	  0.380	  0.220
             67	  0.440	  0.270
             68	  0.470	  0.290
             69	  0.540	  0.340
             70	  0.450	  0.320
             71	  0.560	  0.310
             72	  0.520	  0.310
             73	  0.620	  0.340
             74	  0.520	  0.280
             75	  0.580	  0.280
             76	  0.520	  0.220
             77	  0.520	  0.150
             78	  0.350	  0.090
             79	  0.310	  0.060
             80	  0.170	  0.020
             81	  0.110	  0.010
             82	  0.010	 -0.010
             83	 -0.080	 -0.030
             84	 -0.090	 -0.030
             85	 -0.190	 -0.040
             86	 -0.110	  0.000
             87	 -0.150	 -0.020
             88	 -0.140	  0.020
             89	 -0.030	  0.040
             90	 -0.020	  0.030
             91	 -0.040	  0.420
             92	  0.020	 -0.200
             93	 -0.030	  0.340
             94	  0.100	 -0.140
             95	  0.030	  0.170
             96	  0.110	  0.140
             97	  0.110	  0.210
             98	  0.070	 -0.030
             99	  0.140	  0.290
            100	  0.040	  0.080
            101	 -0.010	  0.090
            102	  0.120	  0.000
            103	 -0.010	  0.420
            104	 -0.040	 -0.110
            105	 -0.100	  0.060
            106	 -0.090	 -0.080
            107	  0.030	  0.020
            108	 -0.040	  0.030
            109	 -0.030	  0.030
            110	  0.000	  0.060
            111	 -0.180	  0.060
            112	 -0.210	  0.070
            113	  0.080	  0.100
            114	 -0.090	  0.080
            115	 -0.020	  0.060
            116	 -0.060	  0.110
            117	  0.010	  0.140
            118	  0.160	  0.080
            119	  0.040	 -0.070
            120	  0.080	 -0.020
            121	 -0.110	 -0.070
            122	 -0.080	 -0.010
            123	 -0.020	 -0.060
            124	 -0.100	 -0.130
            125	 -0.010	 -0.070
            126	 -0.010	  0.010
            127	 -0.040	  0.040
            128	 -0.060	  0.030
            129	 -0.080	 -0.030
            130	 -0.180	 -0.010
            131	 -0.080	  0.030
            132	 -0.160	 -0.030
            133	 -0.150	 -0.020
            134	 -0.130	 -0.060
            135	 -0.130	 -0.070
            136	 -0.100	 -0.080
            137	 -0.040	  0.190
            138	  0.000	  0.240
            139	  0.280	  0.080
            140	  0.670	 -0.560
            141	  1.305	 -1.200
            142	  1.940	 -1.840
            143	  1.300	 -1.840
            144	  0.660	 -1.770
            145	  0.020	 -1.135
            146	 -0.620	 -0.500
            147	 -0.260	  0.010
            148	 -0.170	  0.010
            149	 -0.200	  0.040
            150	 -0.150	  0.070
            151	 -0.180	  0.070
            152	 -0.070	  0.080
            153	 -0.090	  0.080
            154	 -0.080	  0.090
            155	 -0.100	  0.100
            156	 -0.060	  0.100
            157	 -0.020	  0.070
            158	 -0.060	  0.110
            159	 -0.010	  0.120
            160	  0.050	  0.090
            161	  0.060	  0.130
            162	  0.080	  0.130
            163	  0.160	  0.170
            164	  0.190	  0.200
            165	  0.340	  0.220
            166	  0.340	  0.220
            167	  0.490	  0.260
            168	  0.540	  0.270
            169	  0.730	  0.290
            170	  0.770	  0.340
            171	  0.920	  0.350
            172	  0.990	  0.360
            173	  1.050	  0.320
            174	  0.980	  0.320
            175	  1.100	  0.300
            176	  1.030	  0.210
            177	  0.800	  0.200
            178	  0.650	  0.180
            179	  0.480	  0.100
            180	  0.230	  0.070
            181	  0.040	  0.040
            182	  0.010	 -0.010
            183	 -0.060	  0.040
            184	 -0.070	  0.000
            185	 -0.180	 -0.040
            186	 -0.140	 -0.020
            187	 -0.200	 -0.040
            188	 -0.190	 -0.010
            189	 -0.210	  0.020
            190	 -0.120	  0.000
            191	 -0.030	 -0.070
            192	  0.400	  0.070
            193	  0.910	 -0.030
            194	  1.250	 -0.300
            195	  1.420	 -0.730
            196	  2.055	 -1.270
            197	  2.690	 -1.540
            198	  3.325	 -1.210
            199	  3.960	 -1.110
            200	  4.595	 -0.680
            201	  3.955	 -0.700
            202	  3.315	 -0.065
            203	  2.675	  0.140
            204	  2.035	  0.040
            205	  1.395	  0.010
            206	  0.755	  0.060
            207	  0.115	  0.010
            208	 -0.525	  0.030
            209	 -0.870	  0.040
            210	 -0.950	  0.060
            211	 -1.000	  0.080
            212	 -0.970	  0.090
            213	 -1.080	  0.140
            214	 -1.090	  0.100
            215	 -1.150	  0.140
            216	 -1.150	  0.110
            217	 -1.240	  0.130
            218	 -1.410	  0.040
            219	 -1.390	  0.090
            220	 -1.580	  0.200
            221	 -1.660	  0.270
            222	 -1.740	  0.320
            223	 -1.790	  0.310
            224	 -2.170	  0.370
            225	 -1.980	  0.410
            226	 -2.280	  0.390
            227	 -2.280	  0.390
            228	 -2.210	  0.390
            229	 -2.060	  0.370
            230	 -1.980	  0.310
            231	 -1.820	  0.260
            232	 -1.520	  0.240
            233	 -1.150	  0.160
            234	 -0.860	  0.160
            235	 -0.670	  0.070
            236	 -0.570	  0.110
            237	 -0.430	  0.080
            238	 -0.370	  0.130
            239	 -0.400	  0.110
            240	 -0.360	  0.100
            241	 -0.350	  0.130
            242	 -0.410	  0.140
            243	 -0.430	  0.180
            244	 -0.280	  0.130
            245	 -0.230	  0.160
            246	 -0.250	  0.190
            247	 -0.280	  0.170
            248	 -0.140	  0.140
            249	 -0.410	  0.170
            250	 -0.090	  0.150
            251	 -0.310	  0.170
            252	 -0.070	  0.150
            253	 -0.220	  0.130
            254	 -0.210	  0.110
            255	 -0.130	  0.100
            256	 -0.150	  0.100
            257	 -0.270	  0.090
            258	 -0.250	  0.080
            259	 -0.060	  0.080
            260	 -0.160	  0.100
            261	 -0.160	  0.090
            262	 -0.250	  0.080
            263	 -0.180	  0.080
            264	 -0.200	  0.070
            265	 -0.190	  0.080
            266	 -0.200	  0.040
            267	 -0.200	  0.010
            268	 -0.180	 -0.020
            269	 -0.240	  0.020
            270	 -0.160	 -0.020
            271	 -0.210	 -0.040
            272	 -0.060	 -0.010
            273	 -0.230	 -0.020
            274	 -0.140	 -0.010
            275	 -0.250	 -0.060
            276	 -0.070	 -0.070
            277	 -0.210	 -0.070
            278	 -0.190	 -0.100
            279	 -0.100	 -0.060
            280	 -0.190	 -0.080
            281	 -0.180	 -0.090
            282	 -0.210	 -0.070
            283	 -0.090	 -0.100
            284	 -0.170	 -0.090
            285	 -0.160	 -0.090
            286	 -0.150	 -0.080
            287	 -0.190	 -0.110
            288	 -0.200	 -0.100
            289	 -0.190	 -0.070
            290	 -0.210	 -0.080
            291	 -0.160	 -0.120
            292	 -0.200	 -0.080
            293	 -0.160	 -0.110
            294	 -0.130	 -0.070
            295	 -0.220	 -0.090
            296	 -0.110	 -0.060
            297	 -0.210	 -0.070
            298	 -0.090	 -0.090
            299	 -0.170	 -0.080
            300	 -0.090	 -0.090
            301	 -0.210	 -0.060
            302	 -0.160	 -0.090
            303	 -0.130	 -0.090
            304	 -0.100	 -0.090
            305	 -0.130	 -0.060
            306	 -0.150	 -0.090
            307	 -0.140	 -0.060
            308	 -0.160	 -0.110
            309	  0.190	 -0.070
            310	 -0.260	 -0.060
            311	 -0.180	 -0.070
            312	 -0.210	 -0.040
            313	 -0.090	 -0.040
            314	 -0.020	 -0.040
            315	  0.130	 -0.080
            316	 -0.100	 -0.010
            317	  0.130	 -0.020
            318	 -0.140	  0.040
            319	 -0.100	  0.000
            320	  0.070	 -0.120
            321	  0.060	 -0.160
            322	 -0.040	 -0.150
            323	 -0.100	 -0.150
            324	 -0.020	 -0.190
            325	 -0.120	 -0.200
            326	 -0.020	 -0.210
            327	 -0.080	 -0.140
            328	  0.020	 -0.050
            329	 -0.160	 -0.060
            330	 -0.070	 -0.080
            331	 -0.170	 -0.070
            332	 -0.090	 -0.070
            333	 -0.230	 -0.080
            334	 -0.050	 -0.080
            335	 -0.100	 -0.080
            336	 -0.100	 -0.080
            337	  0.000	  0.120
            338	  0.010	  0.200
            339	  0.160	  0.000
            340	  0.795	 -0.640
            341	  1.430	 -1.280
            342	  2.065	 -1.920
            343	  1.425	 -1.700
            344	  0.785	 -1.360
            345	  0.145	 -0.725
            346	 -0.480	 -0.090
            347	 -0.290	  0.000
            348	 -0.240	  0.000
            349	 -0.170	  0.050
            350	 -0.260	  0.010
            351	 -0.120	  0.060
            352	 -0.200	  0.030
            353	 -0.190	  0.060
            354	 -0.220	  0.040
            355	 -0.170	  0.020
            356	 -0.150	  0.040
            357	 -0.030	  0.030
            358	 -0.070	  0.040
            359	 -0.130	  0.080
            360	 -0.110	  0.070
            361	 -0.010	  0.090
            362	 -0.040	  0.100
            363	  0.100	  0.090
            364	  0.060	  0.130
            365	  0.260	  0.210
            366	  0.250	  0.200
            367	  0.280	  0.250
            368	  0.430	  0.280
            369	  0.470	  0.320
            370	  0.520	  0.350
            371	  0.600	  0.360
            372	  0.550	  0.420
            373	  0.660	  0.430
            374	  0.540	  0.350
            375	  0.630	  0.330
            376	  0.590	  0.300
            377	  0.620	  0.290
            378	  0.520	  0.280
            379	  0.540	  0.160
            380	  0.390	  0.170
            381	  0.170	  0.100
            382	  0.220	  0.120
            383	  0.060	  0.100
            384	  0.030	  0.100
            385	 -0.040	  0.020
            386	 -0.030	  0.050
            387	 -0.130	  0.040
            388	  0.000	  0.150
            389	 -0.160	  0.110
            390	  0.130	  0.250
            391	 -0.150	  0.220
            392	 -0.050	 -0.110
            393	  0.260	  0.190
            394	  0.000	  0.060
            395	  0.180	  0.200
            396	  0.170	  0.150
            397	  0.100	  0.220
            398	  0.180	  0.170
            399	  0.070	  0.220
            400	  0.130	  0.190
            401	  0.160	  0.180
            402	  0.090	  0.200
            403	  0.150	  0.190
            404	  0.030	  0.210
            405	  0.110	  0.150
            406	 -0.060	  0.150
            407	 -0.020	  0.130
            408	 -0.050	  0.180
            409	  0.120	  0.170
            410	 -0.030	  0.130
            411	  0.000	  0.070
            412	 -0.090	  0.040
            413	  0.060	  0.120
            414	  0.120	  0.100
            415	  0.020	  0.070
            416	  0.060	  0.110
            417	  0.040	  0.080
            418	  0.130	  0.120
            419	  0.140	 -0.080
            420	  0.100	 -0.160
            421	 -0.020	 -0.150
            422	 -0.070	 -0.170
            423	 -0.060	 -0.180
            424	 -0.100	 -0.220
            425	 -0.140	 -0.220
            426	 -0.110	 -0.140
            427	 -0.020	 -0.080
            428	 -0.210	 -0.080
            429	 -0.160	 -0.060
            430	 -0.240	 -0.070
            431	 -0.170	 -0.100
            432	 -0.240	 -0.080
            433	 -0.200	 -0.080
            434	 -0.210	 -0.070
            435	 -0.150	 -0.080
            436	 -0.190	 -0.050
            437	 -0.020	  0.240
            438	  0.100	  0.330
            439	  0.370	 -0.310
            440	  1.005	 -0.950
            441	  1.640	 -1.590
            442	  1.130	 -2.230
            443	  0.490	 -1.940
            444	 -0.150	 -1.305
            445	 -0.790	 -0.670
            446	 -0.370	 -0.035
            447	 -0.270	  0.100
            448	 -0.230	  0.050
            449	 -0.220	  0.130
            450	 -0.190	  0.090
            451	 -0.130	  0.130
            452	 -0.150	  0.090
            453	 -0.090	  0.120
            454	 -0.110	  0.140
            455	 -0.070	  0.160
            456	 -0.090	  0.120
            457	 -0.060	  0.140
            458	 -0.050	  0.140
            459	  0.120	  0.130
            460	  0.080	  0.230
            461	  0.090	  0.060
            462	  0.090	  0.220
            463	  0.170	  0.140
            464	  0.270	  0.280
            465	  0.410	  0.200
            466	  0.550	  0.270
            467	  0.500	  0.310
            468	  0.710	  0.310
            469	  0.790	  0.300
            470	  0.810	  0.300
            471	  1.060	  0.350
            472	  1.010	  0.340
            473	  1.080	  0.310
            474	  1.100	  0.300
            475	  1.130	  0.270
            476	  0.960	  0.200
            477	  0.690	  0.200
            478	  0.590	  0.100
            479	  0.290	  0.090
            480	  0.140	  0.080
            481	  0.040	  0.010
            482	  0.000	  0.030
            483	  0.010	  0.000
            484	 -0.270	 -0.050
            485	 -0.230	 -0.080
            486	 -0.040	 -0.030
            487	 -0.270	  0.030
            488	 -0.290	 -0.070
            489	 -0.240	 -0.060
            490	 -0.350	 -0.030
            491	 -0.310	 -0.040
            492	 -0.310	 -0.010
            493	 -0.360	  0.000
            494	 -0.170	  0.020
            495	 -0.310	  0.000
            496	 -0.190	  0.060
            497	 -0.280	  0.060
            498	 -0.150	  0.010
            499	 -0.230	  0.160
            500	 -0.220	  0.060
            501	 -0.170	  0.080
            502	 -0.280	  0.060
            503	 -0.310	  0.080
            504	 -0.180	  0.080
            505	 -0.230	  0.070
            506	 -0.240	  0.050
            507	 -0.290	  0.100
            508	 -0.280	  0.080
            509	 -0.270	  0.020
            510	 -0.260	  0.100
            511	 -0.140	  0.090
            512	 -0.270	  0.070
            513	 -0.260	  0.150
            514	 -0.180	  0.160
            515	 -0.130	  0.090
            516	 -0.090	 -0.070
            517	 -0.050	 -0.060
            518	 -0.340	 -0.030
            519	 -0.250	 -0.060
            520	 -0.310	 -0.070
            521	 -0.270	 -0.080
            522	 -0.240	 -0.040
            523	 -0.200	  0.060
            524	 -0.010	  0.110
            525	 -0.300	  0.040
            526	 -0.300	  0.050
            527	 -0.270	  0.070
            528	 -0.230	  0.060
            529	 -0.240	  0.050
            530	 -0.250	  0.050
            531	 -0.190	  0.070
            532	 -0.130	  0.030
            533	 -0.390	  0.100
            534	 -0.080	  0.400
            535	  0.280	  0.330
            536	  0.890	 -0.310
            537	  1.525	 -0.950
            538	  2.160	 -1.590
            539	  1.520	 -1.540
            540	  0.880	 -1.670
            541	  0.240	 -1.035
            542	 -0.400	 -0.400
            543	 -0.320	  0.140
            544	 -0.270	  0.220
            545	 -0.170	  0.190
            546	 -0.200	  0.160
            547	 -0.230	  0.200
            548	 -0.090	  0.120
            549	 -0.170	  0.160
            550	 -0.150	  0.160
            551	 -0.090	  0.140
            552	 -0.140	  0.120
            553	 -0.100	  0.100
            554	 -0.010	  0.110
            555	 -0.050	  0.120
            556	 -0.050	  0.120
            557	  0.040	  0.100
            558	  0.120	  0.120
            559	  0.070	  0.120
            560	  0.160	  0.130
            561	  0.110	  0.160
            562	  0.200	  0.160
            563	  0.470	  0.200
            564	  0.500	  0.260
            565	  0.700	  0.240
            566	  0.810	  0.340
            567	  0.920	  0.290
            568	  0.970	  0.360
            569	  1.110	  0.320
            570	  1.100	  0.350
            571	  1.100	  0.340
            572	  1.010	  0.270
            573	  0.970	  0.270
            574	  0.750	  0.210
            575	  0.560	  0.210
            576	  0.320	  0.120
            577	  0.210	  0.100
            578	  0.060	  0.060
            579	 -0.010	  0.070
            580	 -0.110	  0.010
            581	 -0.030	  0.020
            582	 -0.100	  0.020
            583	 -0.190	  0.000
            584	 -0.120	  0.040
            585	 -0.180	  0.000
            586	  0.190	 -0.010
            587	 -0.190	  0.070
            588	 -0.140	  0.060
            589	 -0.280	  0.160
            590	 -0.240	  0.130
            591	  0.020	  0.150
            592	 -0.140	  0.150
            593	  0.080	  0.200
            594	 -0.020	  0.190
            595	 -0.070	  0.200
            596	 -0.110	  0.200
            597	  0.040	  0.150
            598	 -0.010	  0.190
            599	 -0.210	  0.250
            600	 -0.100	  0.060
            601	 -0.050	  0.150
            602	 -0.190	  0.130
            603	 -0.230	  0.150
            604	 -0.270	  0.140
            605	  0.060	  0.090
            606	 -0.350	  0.170
            607	 -0.180	  0.150
            608	  0.180	  0.120
            609	 -0.160	  0.130
            610	 -0.150	  0.100
            611	  0.410	  0.130
            612	 -0.110	  0.190
            613	 -0.240	 -0.030
            614	 -0.060	 -0.030
            615	 -0.250	 -0.050
            616	 -0.420	 -0.110
            617	  0.050	 -0.070
            618	 -0.450	 -0.070
            619	 -0.190	 -0.190
            620	 -0.240	 -0.060
            621	 -0.060	 -0.050
            622	 -0.360	  0.080
            623	 -0.520	  0.070
            624	 -0.540	  0.020
            625	 -0.300	  0.000
            626	 -0.420	 -0.120
            627	 -0.280	 -0.060
            628	 -0.280	 -0.060
            629	 -0.430	 -0.010
            630	 -0.240	  0.060
            631	 -0.060	  0.340
            632	 -0.150	  0.350
            633	  0.190	 -0.290
            634	  0.825	 -0.930
            635	  1.460	 -1.570
            636	  0.820	 -2.210
            637	  0.180	 -1.940
            638	 -0.460	 -1.305
            639	 -0.900	 -0.670
            640	 -0.410	 -0.035
            641	 -0.400	  0.150
            642	 -0.320	  0.180
            643	 -0.360	  0.220
            644	 -0.340	  0.220
            645	 -0.430	  0.230
            646	 -0.300	  0.200
            647	 -0.260	  0.210
            648	 -0.210	  0.220
            649	 -0.240	  0.210
            650	 -0.210	  0.270
            651	 -0.230	  0.240
            652	 -0.180	  0.240
            653	 -0.030	  0.280
            654	 -0.200	  0.300
            655	 -0.020	  0.290
            656	  0.010	  0.300
            657	  0.090	  0.320
            658	  0.170	  0.390
            659	  0.280	  0.420
            660	  0.170	  0.430
            661	  0.580	  0.500
            662	  0.490	  0.490
            663	  0.700	  0.550
            664	  0.760	  0.560
            665	  0.760	  0.600
            666	  1.010	  0.500
            667	  1.010	  0.580
            668	  1.000	  0.450
            669	  0.970	  0.490
            670	  0.920	  0.360
            671	  0.620	  0.330
            672	  0.430	  0.250
            673	  0.250	  0.230
            674	  0.260	  0.170
            675	 -0.030	  0.120
            676	  0.020	  0.110
            677	 -0.130	  0.140
            678	 -0.250	  0.080
            679	 -0.200	  0.040
            680	 -0.070	  0.060
            681	 -0.150	  0.080
            682	 -0.270	  0.020
            683	 -0.120	  0.100
            684	 -0.170	  0.060
            685	 -0.180	  0.130
            686	 -0.140	  0.130
            687	 -0.140	  0.140
            688	 -0.230	  0.220
            689	 -0.060	  0.150
            690	 -0.070	  0.200
            691	 -0.150	  0.190
            692	 -0.030	  0.180
            693	 -0.140	  0.190
            694	 -0.110	  0.170
            695	 -0.180	  0.160
            696	 -0.160	  0.130
            697	 -0.180	  0.070
            698	 -0.190	  0.060
            699	 -0.170	  0.040
            700	 -0.220	  0.060
            701	 -0.180	  0.030
            702	 -0.130	  0.050
            703	 -0.110	  0.090
            704	 -0.140	  0.050
            705	 -0.130	  0.100
            706	 -0.070	  0.060
            707	 -0.010	  0.120
            708	  0.010	 -0.060
            709	 -0.130	 -0.160
            710	 -0.200	 -0.120
            711	 -0.180	 -0.120
            712	 -0.180	 -0.130
            713	 -0.250	 -0.210
            714	 -0.270	 -0.140
            715	 -0.100	 -0.090
            716	 -0.300	  0.030
            717	 -0.240	 -0.020
            718	 -0.310	 -0.010
            719	 -0.290	 -0.050
            720	 -0.290	 -0.010
            721	 -0.280	 -0.030
            722	 -0.290	 -0.040
            723	 -0.310	 -0.020
            724	 -0.270	  0.000
            725	 -0.240	  0.000
            726	 -0.150	  0.300
            727	  0.140	  0.410
            728	  0.420	 -0.230
            729	  1.055	 -0.870
            730	  1.690	 -1.510
            731	  1.050	 -2.150
            732	  0.410	 -2.080
            733	 -0.230	 -1.445
            734	 -0.730	 -0.810
            735	 -0.500	 -0.175
            736	 -0.250	  0.110
            737	 -0.310	  0.160
            738	 -0.240	  0.150
            739	 -0.150	  0.130
            740	 -0.380	  0.110
            741	 -0.130	  0.150
            742	 -0.340	  0.170
            743	 -0.130	  0.140
            744	 -0.100	  0.180
            745	 -0.160	  0.170
            746	 -0.140	  0.160
            747	 -0.090	  0.160
            748	 -0.030	  0.160
            749	  0.010	  0.180
            750	 -0.010	  0.220
            751	  0.190	  0.240
            752	  0.040	  0.250
            753	  0.240	  0.260
            754	  0.380	  0.280
            755	  0.340	  0.320
            756	  0.550	  0.330
            757	  0.710	  0.400
            758	  0.760	  0.330
            759	  0.930	  0.430
            760	  0.950	  0.360
            761	  1.100	  0.370
            762	  1.110	  0.340
            763	  1.170	  0.320
            764	  1.130	  0.240
            765	  0.990	  0.250
            766	  0.750	  0.130
            767	  0.490	  0.130
            768	  0.210	  0.030
            769	  0.180	  0.060
            770	 -0.020	 -0.080
            771	  0.070	 -0.010
            772	 -0.180	 -0.010
            773	  0.050	 -0.080
            774	 -0.190	 -0.040
            775	 -0.200	 -0.050
            776	 -0.100	 -0.070
            777	 -0.190	 -0.020
            778	 -0.170	 -0.100
            779	 -0.230	 -0.070
            780	 -0.190	 -0.020
            781	 -0.280	 -0.030
            782	 -0.230	  0.020
            783	 -0.190	  0.060
            784	 -0.210	  0.010
            785	 -0.270	 -0.060
            786	 -0.240	  0.040
            787	 -0.210	  0.050
            788	 -0.230	  0.000
            789	 -0.320	  0.060
            790	 -0.170	  0.020
            791	 -0.280	  0.020
            792	 -0.260	  0.050
            793	 -0.250	 -0.020
            794	 -0.240	  0.010
            795	 -0.250	  0.010
            796	 -0.160	  0.020
            797	 -0.270	  0.060
            798	 -0.150	  0.000
            799	 -0.160	  0.030
            800	 -0.170	  0.050
            801	 -0.070	  0.030
            802	 -0.100	 -0.130
            803	 -0.170	 -0.160
            804	 -0.210	 -0.160
            805	 -0.240	 -0.140
            806	 -0.230	 -0.140
            807	 -0.250	 -0.230
            808	 -0.180	 -0.120
            809	 -0.190	 -0.100
            810	 -0.240	 -0.060
            811	 -0.310	 -0.080
            812	 -0.280	 -0.060
            813	 -0.320	 -0.080
            814	 -0.320	 -0.130
            815	 -0.290	 -0.140
            816	 -0.210	 -0.090
            817	 -0.290	 -0.080
            818	 -0.100	 -0.110
            819	 -0.410	 -0.030
            820	 -0.090	  0.100
            821	  0.150	  0.240
            822	  0.710	 -0.400
            823	  1.345	 -1.040
            824	  1.980	 -1.680
            825	  1.340	 -2.240
            826	  0.700	 -1.940
            827	  0.060	 -1.305
            828	 -0.580	 -0.670
            829	 -0.360	 -0.110
            830	 -0.340	 -0.020
            831	 -0.280	  0.040
            832	 -0.330	  0.020
            833	 -0.180	 -0.020
            834	 -0.300	 -0.010
            835	 -0.160	  0.000
            836	 -0.240	 -0.020
            837	 -0.160	  0.010
            838	 -0.160	  0.000
            839	 -0.100	  0.000
            840	 -0.130	  0.020
            841	 -0.130	  0.080
            842	 -0.070	 -0.020
            843	 -0.070	  0.040
            844	  0.070	  0.110
            845	  0.050	  0.070
            846	  0.180	  0.100
            847	  0.200	  0.190
            848	  0.360	  0.180
            849	  0.370	  0.210
            850	  0.570	  0.240
            851	  0.670	  0.290
            852	  0.840	  0.320
            853	  0.880	  0.330
            854	  0.940	  0.350
            855	  1.050	  0.340
            856	  1.040	  0.320
            857	  1.040	  0.280
            858	  1.000	  0.250
            859	  0.890	  0.170
            860	  0.660	  0.060
            861	  0.380	  0.020
            862	  0.220	 -0.060
            863	  0.180	 -0.070
            864	  0.010	 -0.100
            865	  0.020	 -0.130
            866	 -0.010	 -0.150
            867	 -0.060	 -0.170
            868	 -0.130	 -0.170
            869	 -0.130	 -0.160
            870	 -0.110	 -0.150
            871	 -0.110	 -0.160
            872	 -0.120	 -0.080
            873	 -0.150	 -0.140
            874	 -0.100	 -0.140
            875	 -0.080	 -0.080
            876	 -0.100	 -0.090
            877	 -0.200	  0.160
            878	 -0.050	 -0.050
            879	 -0.150	  0.000
            880	 -0.160	 -0.200
            881	 -0.140	  0.040
            882	 -0.120	 -0.100
            883	 -0.160	 -0.310
            884	 -0.080	 -0.120
            885	 -0.140	 -0.220
            886	 -0.080	 -0.080
            887	 -0.080	 -0.160
            888	 -0.090	 -0.120
            889	 -0.120	 -0.150
            890	 -0.150	 -0.140
            891	 -0.120	 -0.120
            892	 -0.060	 -0.020
            893	 -0.090	 -0.160
            894	 -0.010	 -0.070
            895	 -0.070	 -0.100
            896	  0.010	 -0.030
            897	  0.030	 -0.220
            898	  0.000	 -0.260
            899	 -0.180	 -0.250
            900	 -0.080	 -0.210
            901	 -0.100	 -0.250
            902	 -0.190	 -0.400
            903	 -0.140	 -0.130
            904	 -0.060	 -0.220
            905	 -0.100	 -0.370
            906	 -0.140	 -0.180
            907	 -0.230	 -0.200
            908	 -0.250	 -0.200
            909	 -0.190	 -0.200
            910	 -0.180	 -0.190
            911	 -0.190	 -0.240
            912	 -0.150	 -0.210
            913	 -0.170	 -0.160
            914	 -0.160	 -0.160
            915	 -0.060	  0.120
            916	  0.120	  0.320
            917	  0.300	 -0.320
            918	  0.890	 -0.960
            919	  1.525	 -1.600
            920	  1.490	 -2.240
            921	  0.850	 -2.370
            922	  0.210	 -1.735
            923	 -0.430	 -1.100
            924	 -0.270	 -0.465
            925	 -0.270	 -0.060
            926	 -0.210	 -0.040
            927	 -0.220	 -0.060
            928	 -0.120	 -0.020
            929	 -0.220	  0.120
            930	 -0.040	 -0.100
            931	 -0.180	  0.090
            932	 -0.090	  0.040
            933	 -0.160	 -0.070
            934	 -0.050	  0.010
            935	 -0.090	  0.000
            936	 -0.060	  0.020
            937	 -0.060	  0.050
            938	 -0.030	  0.120
            939	  0.040	  0.220
            940	  0.060	  0.100
            941	  0.180	  0.050
            942	  0.260	  0.120
            943	  0.330	  0.200
            944	  0.350	  0.200
            945	  0.510	  0.280
            946	  0.580	  0.300
            947	  0.690	  0.370
            948	  0.850	  0.380
            949	  1.000	  0.370
            950	  0.980	  0.470
            951	  0.960	  0.290
            952	  1.090	  0.400
            953	  1.020	  0.170
            954	  1.010	  0.210
            955	  0.650	  0.180
            956	  0.560	 -0.030
            957	  0.550	  0.030
            958	 -0.040	  0.040
            959	  0.080	  0.130
            960	  0.240	 -0.220
            961	 -0.310	 -0.060
            962	  0.060	 -0.100
            963	 -0.140	 -0.120
            964	 -0.110	 -0.070
            965	 -0.240	  0.050
            966	  0.010	 -0.080
            967	 -0.190	  0.040
            968	 -0.130	  0.010
            969	  0.110	  0.230
            970	 -0.380	  0.180
            971	 -0.150	  0.100
            972	 -0.210	  0.230
            973	 -0.080	  0.110
            974	 -0.130	  0.210
            975	 -0.200	  0.400
            976	 -0.060	  0.340
            977	 -0.260	  0.240
            978	 -0.040	  0.230
            979	 -0.090	  0.480
            980	 -0.370	  0.350
            981	  0.100	  0.600
            982	 -0.280	  0.300
            983	 -0.480	  0.320
            984	 -0.530	  0.850
            985	 -0.240	  0.210
            986	 -0.230	  0.550
            987	  0.320	  0.240
            988	 -0.320	  0.690
            989	  0.090	  0.130
            990	 -0.280	  0.590
            991	  0.000	  0.640
            992	 -0.200	  0.570
            993	 -0.110	  0.430
            994	 -0.160	  0.380
            995	  0.100	  0.410
            996	 -0.370	  0.150
            997	 -0.360	  0.180
            998	 -0.420	  0.310
            999	 -0.070	  0.420
           1000	 -0.460	  0.620
           1001	  0.080	  0.010
           1002	 -0.530	  0.520
           1003	 -0.540	  0.570
           1004	 -0.190	  0.530
           1005	 -0.290	  0.220
           1006	 -0.550	  0.520
           1007	 -0.140	  0.240
           1008	 -0.610	  0.450
           1009	 -0.400	  0.520
           1010	 -0.400	  0.520
           1011	  0.180	  0.830
           1012	  0.150	  0.510
           1013	  0.410	 -0.130
           1014	  1.045	 -0.770
           1015	  1.680	 -1.410
           1016	  1.040	 -1.470
           1017	  0.400	 -0.920
           1018	 -0.240	 -0.285
           1019	 -0.830	  0.350
           1020	 -0.680	  0.860
           1021	 -0.560	  0.720
           1022	 -0.290	  0.220
           1023	 -0.270	  0.460
           1024	 -0.560	  0.590
           1025	 -0.340	  0.570
           1026	 -0.100	  0.440
           1027	 -0.300	  0.720
           1028	 -0.480	  0.410
           1029	 -0.210	  0.670
           1030	 -0.210	  0.510
           1031	 -0.260	  0.680
           1032	  0.000	  0.650
           1033	 -0.150	  0.850
           1034	 -0.030	  0.510
           1035	 -0.260	  0.670
           1036	  0.080	  0.520
           1037	  0.070	  0.700
           1038	 -0.150	  0.840
           1039	  0.380	  0.680
           1040	  0.250	  1.070
           1041	  0.360	  0.500
           1042	  0.650	  0.920
           1043	  0.720	  0.800
           1044	  0.820	  0.730
           1045	  0.860	  0.830
           1046	  1.040	  0.830
           1047	  0.990	  0.760
           1048	  0.890	  0.730
           1049	  1.000	  0.560
           1050	  0.750	  0.700
           1051	  0.280	  0.550
           1052	  0.040	  0.500
           1053	 -0.030	  0.570
           1054	  0.150	  0.470
           1055	 -0.090	  0.400
           1056	 -0.190	  0.390
           1057	 -0.130	  0.520
           1058	  0.110	  0.280
           1059	 -0.490	  0.500
           1060	 -0.030	  0.370
           1061	 -0.310	  0.540
           1062	 -0.370	  0.520
           1063	 -0.240	  0.480
           1064	 -0.280	  0.540
           1065	 -0.380	  0.580
           1066	 -0.160	  0.600
           1067	 -0.050	  0.480
           1068	 -0.390	  0.650
           1069	 -0.350	  0.600
           1070	 -0.310	  0.630
           1071	 -0.230	  0.550
           1072	 -0.060	  0.610
           1073	 -0.420	  0.530
           1074	 -0.020	  0.570
           1075	 -0.450	  0.640
           1076	 -0.160	  0.500
           1077	 -0.450	  0.710
           1078	 -0.220	  0.410
           1079	 -0.470	  0.610
           1080	 -0.280	  0.410
           1081	 -0.140	  0.480
           1082	 -0.200	  0.510
           1083	 -0.190	  0.490
           1084	 -0.240	  0.540
           1085	 -0.320	  0.560
           1086	 -0.020	  0.500
           1087	  0.020	  0.520
           1088	 -0.230	  0.340
           1089	 -0.230	  0.370
           1090	 -0.270	  0.330
           1091	 -0.130	  0.330
           1092	 -0.200	  0.320
           1093	 -0.210	  0.230
           1094	 -0.150	  0.410
           1095	 -0.430	  0.420
           1096	 -0.250	  0.420
           1097	 -0.170	  0.400
           1098	 -0.280	  0.410
           1099	 -0.510	  0.390
           1100	 -0.260	  0.420
           1101	 -0.290	  0.360
           1102	 -0.140	  0.330
           1103	 -0.390	  0.390
           1104	 -0.210	  0.350
           1105	 -0.290	  0.440
           1106	 -0.020	  0.620
           1107	  0.320	  0.620
           1108	  0.955	 -0.020
           1109	  1.590	 -0.660
           1110	  2.225	 -1.300
           1111	  1.585	 -1.640
           1112	  0.945	 -1.380
           1113	  0.305	 -0.745
           1114	 -0.335	 -0.110
           1115	 -0.400	  0.370
           1116	 -0.380	  0.390
           1117	 -0.300	  0.400
           1118	 -0.350	  0.380
           1119	 -0.200	  0.380
           1120	 -0.250	  0.380
           1121	 -0.150	  0.350
           1122	 -0.140	  0.390
           1123	 -0.060	  0.260
           1124	 -0.150	  0.450
           1125	 -0.260	  0.360
           1126	  0.010	  0.360
           1127	 -0.300	  0.370
           1128	 -0.110	  0.370
           1129	 -0.080	  0.390
           1130	  0.020	  0.380
           1131	  0.010	  0.330
           1132	  0.200	  0.480
           1133	  0.170	  0.480
           1134	  0.300	  0.450
           1135	  0.400	  0.500
           1136	  0.550	  0.540
           1137	  0.520	  0.570
           1138	  0.610	  0.590
           1139	  0.890	  0.540
           1140	  0.860	  0.600
           1141	  0.850	  0.590
           1142	  0.990	  0.540
           1143	  0.960	  0.550
           1144	  0.950	  0.440
           1145	  0.800	  0.400
           1146	  0.610	  0.310
           1147	  0.390	  0.300
           1148	  0.230	  0.220
           1149	  0.070	  0.200
           1150	  0.040	  0.120
           1151	 -0.020	  0.160
           1152	 -0.100	  0.120
           1153	 -0.120	  0.110
           1154	 -0.060	  0.120
           1155	 -0.130	  0.070
           1156	  0.060	  0.160
           1157	 -0.280	  0.140
           1158	 -0.210	  0.120
           1159	 -0.110	  0.170
           1160	 -0.070	  0.180
           1161	 -0.070	  0.210
           1162	 -0.130	  0.200
           1163	 -0.100	  0.210
           1164	 -0.120	  0.240
           1165	 -0.090	  0.190
           1166	 -0.060	  0.220
           1167	 -0.180	  0.210
           1168	 -0.060	  0.180
           1169	 -0.110	  0.240
           1170	 -0.210	  0.160
           1171	 -0.180	  0.140
           1172	 -0.170	  0.160
           1173	 -0.120	  0.090
           1174	 -0.190	  0.140
           1175	 -0.230	  0.170
           1176	 -0.200	  0.120
           1177	 -0.190	  0.120
           1178	 -0.110	  0.130
           1179	 -0.190	  0.130
           1180	  0.070	  0.140
           1181	 -0.320	  0.220
           1182	 -0.120	  0.180
           1183	 -0.050	  0.180
           1184	  0.010	  0.000
           1185	  0.010	 -0.050
           1186	 -0.150	 -0.020
           1187	 -0.260	 -0.010
           1188	 -0.200	 -0.060
           1189	 -0.110	 -0.130
           1190	 -0.260	 -0.050
           1191	 -0.150	 -0.040
           1192	 -0.110	  0.080
           1193	 -0.350	  0.090
           1194	 -0.250	  0.030
           1195	 -0.260	 -0.010
           1196	 -0.340	  0.040
           1197	 -0.260	  0.010
           1198	 -0.280	 -0.030
           1199	 -0.140	  0.020
           1200	 -0.370	  0.030
           1201	 -0.240	  0.000
           1202	 -0.180	  0.270
           1203	 -0.010	  0.450
           1204	  0.180	 -0.190
           1205	  0.815	 -0.830
           1206	  1.450	 -1.470
           1207	  2.060	 -2.110
           1208	  1.420	 -2.250
           1209	  0.780	 -1.615
           1210	  0.140	 -0.980
           1211	 -0.500	 -0.345
           1212	 -0.310	  0.110
           1213	 -0.240	  0.140
           1214	 -0.290	  0.170
           1215	 -0.260	  0.150
           1216	 -0.280	  0.180
           1217	 -0.200	  0.200
           1218	 -0.150	  0.180
           1219	 -0.230	  0.170
           1220	 -0.160	  0.180
           1221	 -0.160	  0.190
           1222	 -0.110	  0.230
           1223	 -0.140	  0.230
           1224	 -0.110	  0.230
           1225	  0.150	  0.290
           1226	 -0.100	  0.260
           1227	  0.050	  0.320
           1228	  0.130	  0.340
           1229	  0.170	  0.380
           1230	  0.300	  0.420
           1231	  0.330	  0.450
           1232	  0.450	  0.500
           1233	  0.530	  0.560
           1234	  0.680	  0.600
           1235	  0.710	  0.500
           1236	  0.880	  0.560
           1237	  0.900	  0.540
           1238	  0.910	  0.520
           1239	  0.970	  0.470
           1240	  0.900	  0.350
           1241	  0.770	  0.330
           1242	  0.660	  0.160
           1243	  0.500	  0.180
           1244	  0.270	  0.110
           1245	  0.270	  0.120
           1246	  0.070	  0.110
           1247	  0.060	  0.010
           1248	 -0.010	  0.020
           1249	 -0.080	  0.080
           1250	 -0.050	  0.050
           1251	 -0.030	  0.070
           1252	 -0.180	  0.100
           1253	 -0.100	  0.100
           1254	 -0.040	  0.120
           1255	 -0.110	  0.120
           1256	 -0.160	  0.210
           1257	 -0.290	  0.170
           1258	 -0.090	  0.200
           1259	 -0.300	  0.220
           1260	 -0.190	  0.160
           1261	 -0.130	  0.230
           1262	 -0.220	  0.230
           1263	 -0.250	  0.140
           1264	 -0.200	  0.140
           1265	 -0.140	  0.160
           1266	 -0.180	  0.180
           1267	 -0.190	  0.140
           1268	 -0.210	  0.140
           1269	 -0.150	  0.090
           1270	 -0.240	  0.060
           1271	 -0.170	  0.090
           1272	 -0.180	  0.060
           1273	 -0.230	  0.090
           1274	 -0.170	  0.070
           1275	 -0.160	  0.070
           1276	 -0.220	  0.070
           1277	 -0.090	  0.080
           1278	 -0.070	  0.070
           1279	 -0.120	  0.130
