0.005	0.018
0.005	0.018
0.005	0.023
0.005	0.023
0.005	0.023
0.005	0.023
0.005	0.018
0	0.023
0	0.023
0.005	0.023
0.005	0.018
0.005	0.023
0.005	0.018
0.005	0.018
0.005	0.018
0.005	0.018
0.005	0.018
0.005	0.018
0.005	0.018
0.005	0.018
0.005	0.018
0.005	0.018
0.005	0.018
0.005	0.023
0.005	0.023
0.005	0.023
0.005	0.023
0	0.023
0.005	0.023
0.005	0.023
0	0.023
0	0.023
0.005	0.023
0.005	0.023
0.005	0.023
0	0.023
0.005	0.023
0.005	0.023
0.005	0.023
0.005	0.023
0.005	0.023
0.005	0.023
0.005	0.018
0.005	0.023
0.005	0.023
0.005	0.018
0.005	0.018
0.005	0.018
0.005	0.018
0.005	0.018
0.005	0.018
0.005	0.018
0.005	0.023
0	0.023
0.005	0.018
0.005	0.018
0.005	0.018
0.005	0.018
0.005	0.018
0.005	0.023
0.005	0.018
0.005	0.023
0.005	0.023
0.005	0.023
0.005	0.023
0.005	0.023
0.005	0.018
0.005	0.023
0.005	0.023
0.005	0.023
0.005	0.023
0	0.023
0.005	0.023
0	0.023
0.005	0.023
0.005	0.023
0.005	0.023
0.005	0.023
0.005	0.023
0.005	0.023
0.005	0.023
0.005	0.023
0.005	0.023
0.005	0.018
0.005	0.023
0.005	0.023
0.005	0.018
0.005	0.018
0	0.023
0.005	0.018
0.005	0.018
0.005	0.018
0.005	0.018
0.005	0.018
0.005	0.018
0.005	0.023
0.005	0.018
0.005	0.018
0	0.018
0.005	0.018
0.005	0.018
0.005	0.018
0.005	0.018
0.005	0.023
0.005	0.018
0.005	0.023
0.005	0.018
0.005	0.018
0	0.018
0	0.018
0.005	0.018
0	0.018
0	0.018
0.005	0.018
0.005	0.018
0.005	0.018
0.005	0.018
0	0.018
0	0.018
0.005	0.018
0.005	0.018
0.005	0.023
0.005	0.018
0.005	0.018
0.005	0.023
0.005	0.018
0.005	0.023
0.005	0.018
0	0.018
0.005	0.018
0	0.023
0.005	0.023
0.005	0.023
0	0.018
0	0.018
0	0.018
0.005	0.018
0.005	0.023
0.005	0.023
0.005	0.018
0	0.018
0.005	0.018
0.005	0.018
0.005	0.018
0.005	0.018
0.005	0.018
0.005	0.018
0.005	0.018
0.005	0.018
0.005	0.018
0.005	0.018
0.005	0.018
0.005	0.018
0.005	0.018
0.005	0.018
0.005	0.018
0.005	0.018
0.005	0.018
0.005	0.018
0	0.018
0.005	0.018
0.005	0.018
0.005	0.018
0	0.018
0.005	0.018
0.005	0.018
0.005	0.018
0.005	0.018
0.005	0.018
0.005	0.018
0.005	0.018
0.005	0.018
0.005	0.018
0.005	0.018
0	0.018
0.005	0.018
0.005	0.018
0	0.018
0.005	0.018
0.005	0.018
0	0.018
0.005	0.018
0.005	0.018
0.005	0.018
0.005	0.018
0.005	0.018
0.005	0.018
0.005	0.018
0.005	0.018
0.005	0.018
0.005	0.018
0	0.018
0	0.018
0	0.018
0.005	0.018
0.005	0.018
0.005	0.018
0	0.018
0.005	0.018
0.005	0.018
0.005	0.018
0.005	0.018
0.005	0.018
0.005	0.018
0.005	0.018
0.005	0.018
0.005	0.018
0.005	0.018
0.005	0.018
0.005	0.018
0.005	0.018
0	0.018
0.005	0.018
0.005	0.018
0	0.018
0.005	0.018
0.005	0.018
0.005	0.018
0.005	0.018
0.005	0.018
0.005	0.018
0.005	0.018
0.005	0.018
0	0.018
0.005	0.018
0.005	0.018
0.005	0.018
0.005	0.018
0.005	0.018
0.005	0.018
0.005	0.018
0.005	0.018
0.005	0.018
0.005	0.018
0	0.018
0.005	0.018
0.005	0.018
0.005	0.018
0.005	0.018
0.005	0.018
0.005	0.018
0.005	0.018
0	0.018
0.005	0.018
0.005	0.018
0.005	0.018
0	0.018
0.005	0.018
0.005	0.018
0.005	0.018
0.005	0.018
0.005	0.018
0.005	0.018
0.005	0.018
0	0.018
0.005	0.018
0	0.018
0	0.018
0.005	0.018
0.005	0.018
0.005	0.018
0.005	0.018
0.005	0.018
0.005	0.018
0	0.018
0.005	0.018
0.005	0.018
0	0.018
0.005	0.018
0.005	0.018
0.005	0.018
0.005	0.018
0.005	0.018
0	0.018
0	0.018
0.005	0.018
0.005	0.018
0.005	0.018
0.005	0.018
0.005	0.018
0.005	0.018
0.005	0.018
0.005	0.018
0.005	0.018
0.005	0.018
0.005	0.018
0.005	0.018
0.005	0.018
0.005	0.018
0.005	0.018
0.005	0.018
0.005	0.018
0.005	0.018
0.005	0.018
0.005	0.018
0.005	0.018
0.005	0.018
0.005	0.018
0.005	0.018
0.005	0.018
0.005	0.018
0.005	0.018
0.005	0.018
0.005	0.018
0	0.018
0.005	0.018
0.005	0.018
0.005	0.023
0.005	0.023
0.005	0.023
0.005	0.023
0.005	0.023
0.005	0.023
0.005	0.023
0.005	0.027
0	0.027
0	0.027
0.005	0.027
0.005	0.027
0.005	0.027
0.005	0.027
0	0.027
0.005	0.027
0.005	0.027
0.005	0.027
0.005	0.027
0.005	0.027
0.005	0.027
0.005	0.027
0.005	0.027
0.005	0.023
0.005	0.023
0.005	0.023
0.005	0.023
0.005	0.023
0.005	0.023
0	0.018
0.005	0.018
0.005	0.023
0.005	0.023
0.005	0.023
0.005	0.023
0.005	0.023
0.005	0.023
0.005	0.023
0.005	0.023
0.02	0.023
0.029	0.023
0.029	0.018
0.049	0.023
0.049	0.023
0.044	0.023
0.054	0.023
0.059	0.023
0.078	0.023
0.073	0.023
0.137	0.018
0.147	0.018
0.166	0.023
0.156	0.018
0.186	0.023
0.2	0.023
0.2	0.018
0.205	0.018
0.21	0.023
0.21	0.018
0.21	0.018
0.21	0.023
0.21	0.018
0.215	0.018
0.215	0.018
0.22	0.023
0.22	0.023
0.234	0.018
0.244	0.023
0.249	0.018
0.249	0.023
0.239	0.018
0.239	0.018
0.239	0.018
0.239	0.018
0.234	0.018
0.234	0.018
0.23	0.023
0.249	0.023
0.254	0.023
0.249	0.023
0.234	0.018
0.23	0.018
0.259	0.023
0.259	0.018
0.254	0.023
0.254	0.023
0.264	0.023
0.264	0.023
0.264	0.023
0.264	0.023
0.264	0.023
0.269	0.023
0.269	0.023
0.264	0.023
0.259	0.023
0.264	0.023
0.264	0.023
0.264	0.023
0.264	0.027
0.274	0.027
0.278	0.027
0.278	0.027
0.283	0.027
0.293	0.023
0.303	0.037
0.313	0.037
0.322	0.057
0.298	0.066
0.322	0.076
0.317	0.071
0.317	0.076
0.337	0.081
0.352	0.081
0.391	0.091
0.386	0.091
0.376	0.091
0.396	0.11
0.401	0.125
0.405	0.125
0.454	0.13
0.469	0.135
0.474	0.145
0.464	0.14
0.459	0.149
0.474	0.145
0.488	0.159
0.484	0.145
0.488	0.149
0.493	0.149
0.488	0.154
0.513	0.154
0.527	0.159
0.547	0.159
0.562	0.159
0.562	0.164
0.586	0.159
0.601	0.159
0.606	0.159
0.615	0.159
0.645	0.174
0.654	0.174
0.654	0.184
0.659	0.184
0.664	0.184
0.674	0.184
0.689	0.189
0.703	0.184
0.703	0.184
0.703	0.189
0.718	0.184
0.723	0.189
0.723	0.198
0.737	0.198
0.757	0.203
0.767	0.208
0.776	0.208
0.791	0.208
0.801	0.213
0.82	0.213
0.825	0.218
0.816	0.218
0.816	0.218
0.816	0.218
0.811	0.223
0.816	0.223
0.806	0.228
0.806	0.228
0.806	0.232
0.84	0.237
0.869	0.237
0.869	0.242
0.894	0.242
0.933	0.247
0.928	0.247
0.952	0.247
0.933	0.247
0.947	0.247
0.947	0.247
0.928	0.247
1.021	0.247
1.05	0.247
1.04	0.247
1.06	0.252
1.069	0.252
1.069	0.252
1.079	0.252
1.079	0.252
1.099	0.257
1.094	0.257
1.099	0.257
1.099	0.257
1.079	0.262
1.084	0.262
1.074	0.262
1.079	0.267
1.069	0.267
1.069	0.267
1.074	0.267
1.079	0.262
1.065	0.276
1.065	0.276
1.06	0.276
1.055	0.281
1.05	0.276
1.045	0.276
1.045	0.276
1.045	0.286
1.045	0.291
1.045	0.281
1.045	0.286
1.045	0.286
1.045	0.291
1.05	0.286
1.05	0.311
1.05	0.316
1.05	0.32
1.05	0.325
1.06	0.33
1.084	0.345
1.084	0.345
1.084	0.35
1.084	0.359
1.084	0.35
1.089	0.359
1.084	0.359
1.089	0.355
1.089	0.364
1.094	0.364
1.089	0.374
1.094	0.379
1.099	0.379
1.094	0.379
1.099	0.394
1.094	0.389
1.099	0.389
1.099	0.389
1.099	0.394
1.094	0.403
1.094	0.403
1.094	0.389
1.109	0.399
1.109	0.399
1.113	0.399
1.109	0.389
1.109	0.379
1.123	0.374
1.123	0.374
1.123	0.379
1.138	0.384
1.128	0.394
1.123	0.394
1.123	0.403
1.128	0.403
1.123	0.408
1.123	0.408
1.128	0.403
1.128	0.403
1.138	0.394
1.138	0.399
1.143	0.389
1.143	0.399
1.143	0.394
1.138	0.379
1.133	0.369
1.143	0.374
1.148	0.379
1.143	0.369
1.148	0.345
1.157	0.379
1.157	0.369
1.172	0.359
1.162	0.369
1.177	0.359
1.177	0.359
1.172	0.34
1.177	0.335
1.187	0.33
1.182	0.355
1.182	0.33
1.182	0.33
1.182	0.33
1.177	0.33
1.177	0.33
1.177	0.345
1.167	0.345
1.167	0.345
1.152	0.34
1.152	0.33
1.157	0.335
1.148	0.335
1.148	0.33
1.148	0.311
1.143	0.306
1.138	0.301
1.143	0.306
1.138	0.316
1.138	0.296
1.123	0.281
1.123	0.291
1.084	0.286
1.021	0.301
1.026	0.281
1.006	0.272
1.006	0.286
0.991	0.301
0.977	0.306
0.977	0.301
0.967	0.286
0.977	0.281
0.947	0.281
0.947	0.281
0.947	0.291
0.967	0.296
0.967	0.291
0.962	0.296
0.962	0.291
0.967	0.286
0.957	0.286
0.942	0.272
0.933	0.272
0.928	0.272
0.918	0.281
0.899	0.276
0.913	0.276
0.913	0.286
0.908	0.286
0.894	0.291
0.889	0.291
0.903	0.291
0.913	0.291
0.918	0.306
0.918	0.311
0.918	0.311
0.918	0.311
0.918	0.311
0.903	0.311
0.899	0.311
0.879	0.306
0.864	0.316
0.869	0.32
0.869	0.325
0.859	0.33
0.855	0.335
0.845	0.33
0.84	0.335
0.825	0.335
0.816	0.33
0.82	0.335
0.811	0.335
0.796	0.33
0.796	0.33
0.801	0.33
0.796	0.335
0.781	0.34
0.781	0.369
0.781	0.364
0.791	0.374
0.772	0.374
0.742	0.379
0.723	0.379
0.718	0.384
0.713	0.384
0.703	0.394
0.703	0.394
0.689	0.394
0.689	0.394
0.659	0.394
0.64	0.399
0.64	0.394
0.645	0.399
0.65	0.394
0.65	0.399
0.65	0.399
0.64	0.399
0.63	0.399
0.625	0.394
0.63	0.418
0.64	0.423
0.64	0.428
0.625	0.433
0.62	0.442
0.61	0.447
0.586	0.447
0.571	0.467
0.552	0.477
0.532	0.486
0.484	0.496
0.479	0.501
0.43	0.511
0.43	0.516
0.425	0.525
0.41	0.54
0.415	0.54
0.391	0.545
0.405	0.555
0.415	0.555
0.386	0.56
0.386	0.565
0.357	0.565
0.347	0.569
0.327	0.574
0.293	0.579
0.283	0.584
0.298	0.589
0.303	0.589
0.337	0.584
0.298	0.594
0.283	0.608
0.264	0.604
0.254	0.608
0.254	0.608
0.239	0.618
0.22	0.618
0.249	0.618
0.225	0.618
0.225	0.633
0.195	0.633
0.191	0.633
0.181	0.633
0.166	0.638
0.156	0.643
0.103	0.638
0.103	0.643
0.073	0.643
0.044	0.648
0.044	0.652
0.034	0.652
0.039	0.657
0.064	0.662
0.015	0.657
0.015	0.652
0.039	0.667
0	0.662
0.005	0.667
0.005	0.677
0.005	0.662
0.005	0.667
0.005	0.672
0.005	0.682
0.005	0.648
0.005	0.633
0	0.628
0.005	0.696
0.005	0.691
0.005	0.696
0.005	0.696
0.005	0.706
0.005	0.701
0.005	0.706
0.005	0.706
0.005	0.721
0.005	0.731
0.005	0.745
0.005	0.75
0	0.76
0.005	0.76
0.005	0.765
0.005	0.779
0.005	0.789
0.005	0.794
0.005	0.799
0.005	0.838
0	0.848
0.005	0.853
0.005	0.862
0.005	0.867
0.005	0.872
0.005	0.877
0.005	0.872
0.005	0.867
0.005	0.857
0.005	0.833
0	0.823
0.005	0.814
0	0.809
0.005	0.799
0	0.794
0	0.789
0.005	0.814
0.005	0.814
0.005	0.823
0	0.823
0.005	0.833
0.005	0.828
0.005	0.823
0.005	0.823
0.005	0.838
0.005	0.848
0.005	0.853
0	0.877
0.005	0.853
0.005	0.853
0.005	0.843
0	0.853
0.005	0.867
0.005	0.882
0.005	0.882
0.005	0.892
0.005	0.906
0.005	0.906
0.005	0.911
0.005	0.911
0	0.916
0	0.931
0.005	0.931
0	0.931
0	0.936
0.005	0.941
0.005	0.941
0.005	0.945
0.005	0.95
0	0.945
0.005	0.941
0.005	0.941
0.005	0.945
0	0.95
0.005	0.96
0.005	0.955
0.005	0.965
0.005	0.96
0.005	0.965
0.005	0.955
0.005	0.95
0.005	0.945
0	0.965
0.005	0.955
0.005	0.96
0.005	0.97
0.005	0.975
0.005	0.984
0.005	0.98
0.005	0.984
0	1.009
0.005	1.014
0	1.019
0	1.028
0	1.028
0.005	1.033
0.005	1.038
0.005	1.048
0.005	1.058
0.005	1.058
0.005	1.067
0	1.067
0.005	1.053
0.005	1.053
0	1.058
0.005	1.063
0.005	1.053
0.005	1.067
0.005	1.072
0.005	1.082
0.005	1.082
0.005	1.077
0.005	1.072
0.005	1.082
0.005	1.077
0	1.082
0.005	1.072
0.005	1.067
0.005	1.067
0.005	1.067
0.005	1.077
0.005	1.072
0	1.087
0.005	1.092
0	1.092
0	1.092
0.005	1.087
0	1.092
0.005	1.107
0.005	1.102
0.005	1.111
0.005	1.121
0.005	1.131
0	1.141
0.005	1.131
0	1.131
0.005	1.126
0.005	1.111
0.005	1.121
0.005	1.146
0.005	1.15
0.005	1.146
0.005	1.155
0.005	1.16
0.005	1.16
0.005	1.165
0.005	1.17
0.005	1.19
0.005	1.19
0	1.199
0.005	1.209
0.005	1.209
0.005	1.214
0.005	1.209
0	1.204
0	1.204
0	1.194
0.005	1.194
0.005	1.199
0.005	1.214
0	1.214
0.005	1.214
0	1.204
0.005	1.214
0.005	1.204
0.005	1.214
0.005	1.214
0.005	1.214
0.005	1.214
0.005	1.224
0.005	1.224
0	1.224
0.005	1.214
0	1.224
0.005	1.229
0.005	1.224
0	1.229
0	1.224
0.005	1.209
0.005	1.199
0.005	1.204
0.005	1.214
0.005	1.238
0.005	1.248
0.005	1.253
0.005	1.263
0.005	1.263
0.005	1.297
0.005	1.277
0.005	1.243
0.005	1.229
0.005	1.199
0.005	1.199
0.005	1.209
0.005	1.17
0.005	1.15
0	1.165
0.005	1.175
0	1.19
0.005	1.175
0	1.18
0.005	1.19
0.005	1.185
0.005	1.175
0	1.219
0.005	1.233
0.005	1.219
0.005	1.155
0.005	1.155
0.005	1.131
0	1.102
0.005	1.053
0.005	1.053
0.005	1.019
0	1.019
0	0.989
0.005	0.98
0	0.936
0	0.926
0.005	0.945
0.005	0.872
0	0.828
0.005	0.823
0.005	0.789
0.005	0.784
0.005	0.711
0.005	0.535
0.005	0.491
0.005	0.633
0.005	0.579
0.005	0.462
0.005	0.438
0.005	0.403
0.005	0.379
0.005	0.379
0.005	0.447
0	0.399
0.005	0.34
0.005	0.301
0.005	0.291
0.005	0.301
0.005	0.306
0.005	0.32
0.005	0.325
0.005	0.35
0.005	0.345
0	0.359
0	0.35
0.005	0.35
0.005	0.34
0.005	0.34
0.005	0.335
0.005	0.316
0.005	0.247
0.005	0.223
0	0.228
0	0.208
0.005	0.208
0.005	0.193
0.005	0.189
0.005	0.174
0.005	0.179
0.005	0.159
0.005	0.164
0.005	0.145
0.005	0.159
0.005	0.149
0.005	0.135
0.005	0.135
0.005	0.14
0.005	0.14
0.005	0.125
0.005	0.13
0.005	0.135
0.005	0.135
0.005	0.135
0	0.149
0	0.159
0	0.145
0.005	0.135
0.005	0.135
0.005	0.13
0.005	0.125
0.005	0.13
0.005	0.135
0.005	0.13
0	0.12
0	0.11
0.005	0.11
0.005	0.106
0.005	0.101
0.005	0.101
0.005	0.091
0.005	0.071
0.005	0.062
0.005	0.042
0.005	0.042
0.005	0.042
0	0.042
0.005	0.047
0.005	0.047
0.005	0.042
0	0.042
0.005	0.042
0.005	0.042
0.005	0.042
0.005	0.042
0.005	0.042
0.005	0.037
0.005	0.037
0.005	0.037
0.005	0.032
0.005	0.032
0.005	0.037
0.005	0.037
0.005	0.037
0.005	0.037
0.005	0.037
0	0.037
0.005	0.032
0	0.032
0.005	0.032
0.005	0.032
0.005	0.027
0.005	0.032
0.005	0.023
0.005	0.023
0	0.023
0.005	0.023
0.005	0.018
0.005	0.018
0.005	0.018
0.005	0.018
0	0.018
0.005	0.018
0.005	0.018
0.005	0.018
0.005	0.018
0.005	0.018
0.005	0.018
0.005	0.018
0.005	0.018
0.005	0.018
0.005	0.018
0.005	0.018
0.005	0.018
0.005	0.018
0.005	0.018
0.005	0.018
0.005	0.013
0	0.018
0.005	0.018
0.005	0.018
0.005	0.018
0.005	0.018
0.005	0.018
0.005	0.018
0.005	0.018
0.005	0.018
0.005	0.018
0.005	0.018
0.005	0.018
0.005	0.018
0.005	0.018
0.005	0.018
0	0.018
0.005	0.018
0.005	0.018
0.005	0.018
0	0.018
0.005	0.018
0.005	0.018
0	0.018
0.005	0.018
0.005	0.018
0.005	0.018
0.005	0.018
0.005	0.018
0	0.018
0.005	0.018
0	0.018
0	0.018
0.005	0.018
0	0.018
0.005	0.018
0.005	0.018
0.005	0.018
0.005	0.018
0.005	0.018
0	0.018
0.005	0.018
0.005	0.018
0.005	0.018
0.005	0.018
0.005	0.018
0.005	0.018
0.005	0.018
0.005	0.018
0.005	0.018
0.005	0.013
0	0.018
0.005	0.018
0.005	0.018
0.005	0.018
0.005	0.018
0.005	0.018
0.005	0.013
0.005	0.013
0	0.018
0.005	0.018
0.005	0.018
0.005	0.018
0.005	0.018
0.005	0.018
0.005	0.018
0.005	0.018
0.005	0.018
0.005	0.018
0.005	0.018
0.005	0.018
0.005	0.018
0.005	0.018
0.005	0.018
0.005	0.018
0.005	0.018
0.005	0.018
0	0.018
0.005	0.018
0.005	0.018
0.005	0.018
0.005	0.018
0.005	0.018
0.005	0.018
0.005	0.018
0.005	0.018
0.005	0.018
0.005	0.023
0.005	0.018
0.005	0.018
0	0.018
0.005	0.018
0	0.018
0	0.018
0.005	0.018
0.005	0.018
0.005	0.018
0.005	0.018
0	0.018
0.005	0.018
0.005	0.023
0	0.023
0	0.018
0.005	0.018
0	0.018
0	0.018
0.005	0.018
0	0.018
0.005	0.018
0.005	0.018
0.005	0.018
0.005	0.018
0	0.018
0.005	0.018
0.005	0.018
0	0.018
0.005	0.018
0	0.018
0.005	0.018
0.005	0.018
0.005	0.018
0.005	0.018
0.005	0.018
0.005	0.018
0	0.018
0.005	0.018
0.005	0.018
0.005	0.018
0.005	0.018
0.005	0.018
0.005	0.018
0.005	0.018
0	0.018
0	0.018
0.005	0.018
0	0.018
0.005	0.018
0.005	0.018
0.005	0.018
0.005	0.018
0.005	0.018
0	0.018
0.005	0.018
0.005	0.018
0.005	0.018
0.005	0.018
0.005	0.018
0.005	0.018
0.005	0.018
0.005	0.018
0.005	0.018
0.005	0.018
0.005	0.018
0.005	0.018
0	0.018
0	0.018
0.005	0.018
0	0.018
0.005	0.018
0.005	0.018
0.005	0.018
0.005	0.018
0.005	0.018
0.005	0.018
0.005	0.018
0.005	0.018
0.005	0.018
0.005	0.018
0.005	0.018
0.005	0.018
0.005	0.018
0	0.018
0.005	0.018
0.005	0.018
0.005	0.018
0.005	0.018
0.005	0.018
0.005	0.018
0.005	0.018
0.005	0.018
0.005	0.018
0.005	0.018
0.005	0.018
0	0.018
0.005	0.018
0.005	0.018
0.005	0.018
0.005	0.018
0.005	0.018
0.005	0.018
0.005	0.018
0.005	0.018
0.005	0.018
0	0.018
0	0.018
0.005	0.018
0.005	0.018
0.005	0.018
0.005	0.018
0.005	0.018
0	0.018
0.005	0.018
0.005	0.018
0.005	0.018
0.005	0.018
0.005	0.018
0	0.018
0.005	0.018
0.005	0.018
0.005	0.018
0.005	0.018
0	0.018
0	0.018
0	0.018
0.005	0.018
0	0.018
0.005	0.018
0.005	0.018
0.005	0.018
0	0.018
0.005	0.018
0.005	0.018
0.005	0.018
0.005	0.018
0.005	0.018
0.005	0.018
0.005	0.018
0.005	0.018
0.005	0.018
0.005	0.018
0.005	0.018
0.005	0.018
0.005	0.018
0.005	0.018
0	0.018
0.005	0.018
0.005	0.018
0.005	0.018
0.005	0.018
0.005	0.018
0.005	0.018
0.005	0.018
0.005	0.018
0.005	0.018
0.005	0.018
0.005	0.018
0.005	0.018
0.005	0.018
0.005	0.018
0.005	0.018
0.005	0.018
0.005	0.018
0.005	0.018
0.005	0.018
0.005	0.018
0.005	0.018
0.005	0.018
0	0.018
0	0.018
0	0.018
0.005	0.018
0.005	0.018
0.005	0.018
0.005	0.018
0.005	0.018
0.005	0.018
0.005	0.018
0.005	0.018
0.005	0.018
0.005	0.018
0.005	0.018
0.005	0.018
0.005	0.018
0	0.018
0.005	0.018
0.005	0.013
0.005	0.018
0.005	0.018
0	0.018
0.005	0.013
0.005	0.018
0.005	0.018
0.005	0.018
0.005	0.018
0.005	0.018
0.005	0.018
0.005	0.018
0.005	0.018
0.005	0.013
0.005	0.013
0.005	0.018
0.005	0.013
0.005	0.013
0.005	0.013
0.005	0.013
0	0.013
0.005	0.013
0	0.018
0.005	0.013
0.005	0.013
0.005	0.013
0.005	0.013
0	0.013
0.005	0.018
0.005	0.018
0.005	0.018
0.005	0.018
0.005	0.018
0.005	0.018
0	0.013
0.005	0.013
0.005	0.013
0.005	0.018
0.005	0.018
0.005	0.018
0.005	0.018
0.005	0.013
0.005	0.013
0	0.018
0	0.018
0.005	0.013
0.005	0.013
0.005	0.018
0.005	0.018
0.005	0.018
0.005	0.018
0.005	0.018
0.005	0.018
0.005	0.018
0.005	0.018
0.005	0.018
0.005	0.018
0.005	0.018
0.005	0.018
0	0.018
0.005	0.018
0	0.018
0.005	0.018
0.005	0.018
0.005	0.018
0.005	0.018
0.005	0.018
0.005	0.018
0.005	0.018
0.005	0.018
0.005	0.018
0.005	0.018
0.005	0.018
0.005	0.018
0.005	0.018
0.005	0.018
0	0.018
0.005	0.018
0.005	0.018
0.005	0.023
0.005	0.023
0.005	0.023
0.005	0.023
0.005	0.023
0.005	0.027
0.005	0.032
0.005	0.032
0.005	0.037
0.005	0.037
0.005	0.037
0.005	0.032
0.005	0.032
0.005	0.032
0	0.032
0.005	0.027
0	0.027
0.005	0.027
0.005	0.027
0	0.023
0.005	0.027
0.059	0.023
0.2	0.023
0.366	0.023
0.659	0.023
0.947	0.023
1.235	0.023
1.362	0.023
1.455	0.023
1.533	0.023
1.587	0.023
1.592	0.023
1.577	0.023
1.553	0.023
1.543	0.018
1.558	0.018
1.524	0.018
1.484	0.023
1.47	0.018
1.392	0.023
1.431	0.018
1.411	0.018
1.45	0.018
1.48	0.018
1.421	0.023
1.367	0.023
1.436	0.018
1.431	0.023
1.504	0.018
1.558	0.018
1.504	0.018
1.387	0.023
1.323	0.023
1.309	0.023
1.382	0.023
1.377	0.023
1.382	0.023
1.397	0.023
1.372	0.018
1.328	0.023
1.358	0.023
1.367	0.018
1.377	0.023
1.299	0.023
1.284	0.023
1.284	0.023
1.284	0.023
1.265	0.023
1.294	0.023
1.289	0.023
1.309	0.023
1.299	0.023
1.275	0.023
1.318	0.023
1.26	0.023
1.26	0.027
1.172	0.027
1.235	0.027
1.275	0.027
1.182	0.027
1.294	0.027
1.294	0.027
1.279	0.027
1.343	0.032
1.382	0.032
1.362	0.027
1.377	0.027
1.362	0.027
1.406	0.027
1.401	0.027
1.421	0.027
1.509	0.027
1.519	0.027
1.455	0.027
1.46	0.027
1.47	0.027
1.494	0.032
1.582	0.047
1.553	0.057
1.646	0.047
1.646	0.052
1.646	0.066
1.655	0.101
1.685	0.101
1.685	0.11
1.704	0.101
1.704	0.11
1.709	0.106
1.724	0.096
1.763	0.135
1.802	0.11
1.856	0.11
1.885	0.115
1.895	0.115
1.895	0.12
1.909	0.12
1.943	0.125
1.943	0.135
1.943	0.135
1.939	0.149
1.934	0.149
1.953	0.154
1.963	0.154
1.958	0.174
1.963	0.174
1.973	0.169
1.978	0.169
1.973	0.174
1.987	0.174
1.953	0.174
1.953	0.174
1.958	0.174
1.953	0.174
1.948	0.184
1.943	0.179
1.929	0.179
1.939	0.189
1.943	0.189
1.939	0.174
1.963	0.179
1.968	0.184
1.968	0.184
1.948	0.169
1.948	0.169
1.948	0.184
1.958	0.169
1.963	0.179
1.968	0.159
1.973	0.169
1.968	0.174
1.968	0.198
1.983	0.203
1.983	0.218
1.973	0.189
1.983	0.189
1.987	0.179
1.987	0.184
1.987	0.189
1.983	0.213
1.983	0.213
1.978	0.213
1.973	0.208
1.958	0.208
1.953	0.198
1.943	0.213
1.953	0.203
1.948	0.203
1.963	0.184
1.978	0.179
1.978	0.164
1.978	0.169
1.968	0.169
1.968	0.179
1.948	0.203
1.943	0.189
1.939	0.198
1.924	0.198
1.929	0.208
1.909	0.198
1.904	0.193
1.9	0.198
1.904	0.193
1.904	0.193
1.885	0.189
1.87	0.193
1.87	0.189
1.86	0.189
1.846	0.193
1.812	0.179
1.787	0.179
1.777	0.174
1.763	0.174
1.768	0.169
1.763	0.174
1.753	0.184
1.753	0.198
1.748	0.184
1.724	0.198
1.724	0.203
1.738	0.203
1.729	0.213
1.699	0.213
1.69	0.218
1.665	0.213
1.641	0.198
1.631	0.193
1.646	0.189
1.636	0.184
1.607	0.193
1.602	0.198
1.587	0.203
1.563	0.203
1.528	0.198
1.504	0.193
1.489	0.189
1.475	0.184
1.431	0.193
1.406	0.189
1.392	0.193
1.367	0.193
1.323	0.203
1.333	0.198
1.27	0.203
1.255	0.203
1.231	0.203
1.206	0.218
1.148	0.218
1.128	0.223
1.109	0.228
1.079	0.223
1.065	0.223
1.06	0.228
1.074	0.228
1.084	0.232
1.094	0.228
1.089	0.223
1.065	0.223
1.026	0.228
1.016	0.223
1.045	0.223
0.986	0.223
0.967	0.218
0.938	0.232
0.928	0.228
0.918	0.228
0.903	0.242
0.879	0.237
0.869	0.228
0.845	0.237
0.806	0.223
0.772	0.213
0.762	0.208
0.713	0.203
0.742	0.198
0.708	0.193
0.664	0.184
0.654	0.164
0.62	0.164
0.606	0.164
0.601	0.169
0.576	0.174
0.542	0.169
0.562	0.169
0.523	0.174
0.508	0.179
0.542	0.179
0.542	0.184
0.537	0.184
0.537	0.184
0.488	0.193
0.474	0.193
0.459	0.203
0.401	0.208
0.401	0.213
0.401	0.213
0.376	0.218
0.288	0.232
0.283	0.232
0.191	0.228
0.181	0.232
0.171	0.242
0.166	0.247
0.161	0.257
0.132	0.257
0.117	0.262
0.093	0.262
0.068	0.272
0.088	0.281
0.073	0.286
0.093	0.286
0.093	0.286
0.068	0.291
0.083	0.301
0.088	0.301
0.142	0.306
0.093	0.306
0.064	0.311
0.059	0.306
0.054	0.311
0.064	0.306
0.025	0.311
0.029	0.316
0.029	0.32
0.02	0.32
0.064	0.32
0.078	0.33
0.078	0.33
0.068	0.335
0.054	0.335
0.112	0.335
0.166	0.34
0.112	0.335
0.054	0.35
0.068	0.359
0.049	0.369
0.034	0.379
0.005	0.389
0.02	0.389
0.02	0.394
0.02	0.399
0.005	0.394
0.005	0.403
0.005	0.413
0.005	0.418
0	0.423
0.005	0.423
0.005	0.438
0.005	0.452
0.005	0.477
0.005	0.496
0	0.511
0.005	0.525
0.005	0.535
0.005	0.565
0.005	0.569
0.005	0.574
0	0.584
0.005	0.589
0.005	0.589
0.005	0.599
0.005	0.623
0.005	0.633
0.005	0.643
0.005	0.652
0.005	0.662
0.005	0.677
0.005	0.687
0	0.691
0.005	0.701
0.005	0.706
0.005	0.716
0.005	0.721
0.005	0.735
0.005	0.745
0.005	0.755
0.005	0.755
0.005	0.76
0.005	0.76
0	0.765
0.005	0.774
0.005	0.779
0.005	0.789
0.005	0.799
0.005	0.814
0.005	0.818
0.005	0.828
0.005	0.843
0.005	0.853
0.005	0.857
0.005	0.862
0.005	0.867
0.005	0.867
0.005	0.877
0	0.882
0.005	0.897
0.005	0.906
0.005	0.916
0.005	0.916
0.005	0.921
0.005	0.926
0.005	0.931
0.005	0.95
0.005	0.95
0.005	0.955
0	0.96
0.005	0.975
0.005	0.98
0.005	0.994
0.005	0.999
0.005	0.989
0.005	0.989
0	0.994
0.005	1.004
0.005	1.009
0.005	1.019
0.005	1.024
0.005	1.048
0.005	1.053
0.005	1.058
0.005	1.063
0.005	1.067
0	1.077
0.005	1.087
0.005	1.107
0.005	1.107
0.005	1.111
0.005	1.111
0.005	1.121
0.005	1.126
0	1.126
0.005	1.131
0.005	1.136
0.005	1.146
0.005	1.136
0.005	1.141
0.005	1.155
0	1.155
0.005	1.155
0	1.17
0.005	1.175
0.005	1.175
0.005	1.165
0.005	1.17
0	1.165
0.005	1.155
0.005	1.141
0.005	1.146
0.005	1.15
0.005	1.146
0.005	1.141
0.005	1.146
0.005	1.16
0.005	1.067
0.005	1.043
0.005	1.033
0.005	1.033
0.005	1.033
0	1.033
0	1.033
0.005	1.038
0.005	1.033
0.005	1.053
0.005	1.053
0.005	1.063
0.005	1.072
0.005	1.077
0.005	1.077
0	1.082
0.005	1.092
0	1.097
0.005	1.102
0.005	1.107
0.005	1.136
0.005	1.136
0.005	1.141
0.005	1.141
0.005	1.067
0.005	1.082
0.005	1.082
0.005	1.097
0.005	1.111
0.005	1.111
0.005	1.111
0.005	1.111
0	1.116
0.005	1.126
0.005	1.131
0.005	1.136
0.005	1.141
0.005	1.136
0.005	1.136
0	1.131
0	1.141
0	1.146
0.005	1.15
0.005	1.155
0.005	1.16
0.005	1.165
0.005	1.165
0.005	1.165
0.005	1.175
0.005	1.175
0.005	1.165
0.005	1.18
0.005	1.194
0.005	1.229
0.005	1.229
0.005	1.233
0.005	1.219
0.005	1.233
0.005	1.238
0.005	1.229
0	1.219
0	1.209
0.005	1.204
0.005	1.204
0.005	1.209
0.005	1.209
0	1.18
0.005	1.136
0.005	1.15
0.005	1.165
0.005	1.136
0.005	1.072
0	1.033
0.005	1.141
0.005	1.116
0.005	1.131
0.005	1.131
0.005	1.16
0	1.126
0.005	1.136
0.005	1.131
0.005	1.146
0.005	1.17
0.005	1.175
0.005	1.19
0.005	1.17
0.005	1.18
0.005	1.18
0	1.185
0.005	1.185
0.005	1.18
0	1.175
0.005	1.165
0.005	1.18
0.005	1.185
0.005	1.204
0.005	1.175
0	1.19
0.005	1.185
0.005	1.19
0.005	1.204
0.005	1.219
0	1.224
0.005	1.229
0.005	1.238
0	1.238
0.005	1.233
0.005	1.243
0.005	1.292
0.005	1.307
0	1.321
0.005	1.312
0.005	1.287
0.005	1.292
0.005	1.268
0.005	1.263
0.005	1.253
0	1.243
0.005	1.258
0.005	1.243
0.005	1.219
0	1.17
0.005	1.141
0.005	1.131
0.005	1.126
0.005	1.141
0.005	1.165
0.005	1.146
0.005	1.082
0.005	1.058
0.005	1.038
0.005	0.999
0.005	0.984
0.005	0.975
0.005	0.931
0.005	0.916
0.005	0.931
0.005	0.931
0.005	0.853
0.005	0.848
0	0.892
0.005	0.882
0.005	0.833
0.005	0.789
0.005	0.789
0.005	0.745
0.005	0.731
0.005	0.721
0	0.677
0.005	0.696
0.005	0.604
0.005	0.535
0.005	0.569
0.005	0.496
0.005	0.423
0.005	0.418
0.005	0.403
0.005	0.428
0	0.408
0.005	0.355
0.005	0.33
0	0.301
0.005	0.286
0.005	0.252
0.005	0.262
0.005	0.242
0.005	0.237
0.005	0.242
0.005	0.242
0	0.223
0.005	0.223
0	0.213
0.005	0.198
0.005	0.174
0.005	0.164
0.005	0.13
0.005	0.12
0.005	0.106
0.005	0.091
0.005	0.106
0.005	0.115
0.005	0.101
0.005	0.096
0.005	0.12
0	0.12
0.005	0.11
0.005	0.11
0.005	0.106
0.005	0.13
0.005	0.149
0.005	0.145
0.005	0.135
0	0.11
0.005	0.11
0.005	0.115
0.005	0.11
0.005	0.106
0.005	0.106
0.005	0.086
0.005	0.081
0.005	0.071
0	0.066
0	0.037
0	0.032
0.005	0.032
0	0.027
0.005	0.032
0.005	0.027
0.005	0.027
0.005	0.027
0.005	0.023
0.005	0.023
0.005	0.023
0.005	0.023
0.005	0.023
0.005	0.018
0.005	0.027
0.005	0.023
0.005	0.027
0.005	0.032
0.005	0.032
0.005	0.032
0.005	0.032
0.005	0.027
0.005	0.027
0.005	0.027
0.005	0.027
0.005	0.027
0.005	0.027
0.005	0.027
0.005	0.027
0.005	0.027
0.005	0.027
0.005	0.027
0.005	0.027
0.005	0.027
0.005	0.027
0.005	0.027
0.005	0.023
0.005	0.027
0.005	0.027
0.005	0.027
0.005	0.027
0.005	0.027
0.005	0.027
0.005	0.027
0	0.027
0.005	0.027
0.005	0.027
0.005	0.027
0.005	0.027
0.005	0.027
0.005	0.032
0.005	0.032
0.005	0.032
0.005	0.032
0.005	0.032
0.005	0.027
0.005	0.032
0.005	0.032
0.005	0.032
0.005	0.032
0	0.032
0.005	0.032
0.005	0.027
0	0.027
0	0.032
0.005	0.027
0.005	0.027
0.005	0.027
0.005	0.027
0.005	0.027
0.005	0.027
0.005	0.027
0.005	0.027
0.005	0.023
0.005	0.023
0.005	0.023
0.005	0.023
0.005	0.023
0.005	0.023
0.005	0.023
0.005	0.023
0.005	0.023
0.005	0.023
0.005	0.023
0.005	0.023
0	0.023
0.005	0.023
0.005	0.023
0.005	0.023
0.005	0.023
0.005	0.023
0.005	0.023
0.005	0.023
0.005	0.023
0.005	0.023
0.005	0.023
0.005	0.023
0	0.023
0.005	0.023
0.005	0.023
0	0.023
0.005	0.023
0	0.023
0	0.023
0	0.023
0.005	0.023
0.005	0.023
0	0.023
0	0.023
0.005	0.023
0.005	0.023
0.005	0.023
0.005	0.023
0.005	0.023
0.005	0.023
0.005	0.023
0.005	0.023
0.005	0.023
0.005	0.023
0.005	0.023
0.005	0.023
0.005	0.023
0.005	0.023
0	0.023
0.005	0.023
0.005	0.023
0.005	0.023
0.005	0.023
0.005	0.023
0	0.023
0.005	0.023
0.005	0.023
0.005	0.023
0.005	0.023
0.005	0.023
0.005	0.023
0.005	0.023
0.005	0.018
0.005	0.018
0.005	0.018
0	0.018
0.005	0.018
0	0.023
0.005	0.018
0.005	0.018
0.005	0.018
0.005	0.018
0.005	0.018
0	0.018
0.005	0.018
0.005	0.018
0.005	0.018
0.005	0.018
0	0.018
0	0.018
0.005	0.018
0.005	0.018
0.005	0.018
0.005	0.018
0.005	0.018
0.005	0.018
0.005	0.018
0	0.018
0.005	0.018
0.005	0.018
0.005	0.018
0.005	0.018
0.005	0.018
0	0.018
0.005	0.018
0.005	0.023
0.005	0.018
0.005	0.018
0.005	0.023
0.005	0.023
0	0.023
0.005	0.023
0.005	0.023
0.005	0.018
0.005	0.023
0.005	0.023
0.005	0.023
0.005	0.023
0.005	0.023
0	0.023
0	0.018
0.005	0.023
0.005	0.023
0.005	0.018
0.005	0.023
0	0.023
0.005	0.023
0.005	0.018
0	0.023
0	0.023
0.005	0.023
0.005	0.023
0.005	0.023
0.005	0.023
0.005	0.023
0.005	0.023
0.005	0.023
0.005	0.023
0.005	0.023
0.005	0.023
0.005	0.023
0	0.023
0.005	0.023
0.005	0.023
0.005	0.023
0.005	0.023
0.005	0.023
0	0.023
0.005	0.023
0.005	0.023
0.005	0.023
0.005	0.023
0.005	0.023
0.005	0.023
0.005	0.023
0.005	0.023
0.005	0.023
0.005	0.023
0.005	0.023
0.005	0.023
0.005	0.023
0	0.023
0	0.023
0.005	0.023
0.005	0.023
0.005	0.023
0.005	0.023
0	0.023
0.005	0.023
0.005	0.023
0.005	0.023
0.005	0.023
0.005	0.023
0.005	0.023
0.005	0.023
0.005	0.023
0.005	0.023
0	0.023
0.005	0.023
0.005	0.023
0	0.023
0.005	0.023
0.005	0.023
0.005	0.023
0.005	0.023
0	0.023
0.005	0.023
0.005	0.023
0.005	0.023
0.005	0.023
0.005	0.023
0.005	0.023
0.005	0.023
0.005	0.023
0.005	0.023
0.005	0.023
0.005	0.023
0.005	0.023
0.005	0.023
0.005	0.023
0	0.023
0.005	0.023
0.005	0.023
0	0.023
0	0.023
0.005	0.023
0.005	0.023
0.005	0.023
0.005	0.023
0.005	0.023
0.005	0.023
0.005	0.023
0.005	0.023
0.005	0.023
0.005	0.023
0.005	0.023
0.005	0.023
0.005	0.023
0.005	0.023
0.005	0.023
0.005	0.023
0	0.023
0.005	0.023
0	0.023
0.005	0.023
0.005	0.023
0.005	0.023
0.005	0.023
0.005	0.023
0.005	0.023
0.005	0.023
0.005	0.023
0.005	0.023
0.005	0.023
0.005	0.023
0.005	0.023
0.005	0.023
0.005	0.023
0.005	0.023
0.005	0.023
0.005	0.023
0	0.023
0.005	0.023
0.005	0.023
0.005	0.023
0	0.023
0.005	0.023
0.005	0.023
0.005	0.023
0.005	0.023
0.005	0.023
0.005	0.023
0.005	0.023
0.005	0.023
0.005	0.023
0.005	0.018
0.005	0.018
0.005	0.018
0.005	0.018
0.005	0.018
0	0.018
0.005	0.018
0.005	0.018
0.005	0.018
0.005	0.018
0	0.018
0	0.018
0	0.018
0.005	0.018
0.005	0.018
0.005	0.018
0.005	0.018
0.005	0.018
0.005	0.018
0.005	0.013
0.005	0.018
0.005	0.013
0.005	0.018
0.005	0.013
0.005	0.018
0.005	0.013
0	0.018
0	0.018
0.005	0.013
0.005	0.018
0.005	0.013
0.005	0.013
0.005	0.018
0.005	0.018
0.005	0.018
0.005	0.018
0.005	0.018
0.005	0.018
0.005	0.018
0.005	0.018
0.005	0.018
0.005	0.018
0.005	0.018
0.005	0.018
0	0.018
0	0.018
0.005	0.018
0.005	0.018
0	0.018
0.005	0.018
0	0.018
0.005	0.018
0.005	0.018
0.005	0.018
0.005	0.018
0.005	0.018
0.005	0.018
0.005	0.018
0.005	0.018
0.005	0.018
0.005	0.018
0.005	0.023
0.005	0.023
0.005	0.023
0.005	0.023
0.005	0.023
0.005	0.027
0.005	0.032
0	0.032
0.005	0.032
0.005	0.032
0	0.032
0.005	0.027
0.005	0.032
0.005	0.027
0.005	0.027
0.005	0.027
0.005	0.032
0.005	0.027
0.005	0.032
0.005	0.027
0.005	0.027
0.005	0.027
0.005	0.027
0.005	0.027
0.015	0.027
0.103	0.023
0.259	0.023
0.474	0.023
0.654	0.023
0.879	0.023
1.065	0.023
1.157	0.023
1.26	0.023
1.289	0.023
1.275	0.023
1.294	0.023
1.299	0.023
1.275	0.023
1.25	0.023
1.255	0.023
1.25	0.023
1.231	0.023
1.187	0.023
1.138	0.023
1.177	0.023
1.187	0.023
1.187	0.023
1.182	0.018
1.196	0.023
1.206	0.023
1.211	0.018
1.206	0.018
1.24	0.018
1.245	0.018
1.221	0.018
1.216	0.018
1.196	0.018
1.172	0.018
1.113	0.018
1.109	0.018
1.123	0.018
1.128	0.018
1.04	0.018
1.011	0.018
1.016	0.018
1.001	0.018
1.001	0.018
1.06	0.018
1.035	0.023
0.977	0.023
1.001	0.023
1.045	0.023
1.035	0.023
1.006	0.027
1.045	0.027
1.157	0.032
1.177	0.037
1.177	0.037
1.221	0.037
1.231	0.037
1.25	0.037
1.299	0.062
1.309	0.091
1.397	0.101
1.46	0.11
1.47	0.164
1.48	0.169
1.484	0.169
1.489	0.193
1.509	0.198
1.528	0.223
1.533	0.232
1.514	0.228
1.528	0.237
1.567	0.242
1.577	0.281
1.597	0.281
1.607	0.291
1.592	0.296
1.631	0.296
1.641	0.296
1.68	0.316
1.651	0.316
1.621	0.311
1.651	0.32
1.636	0.325
1.665	0.34
1.66	0.345
1.68	0.355
1.69	0.355
1.704	0.35
1.714	0.355
1.719	0.355
1.743	0.355
1.743	0.359
1.753	0.355
1.758	0.359
1.768	0.364
1.773	0.369
1.773	0.369
1.773	0.374
1.777	0.379
1.787	0.379
1.787	0.379
1.792	0.389
1.792	0.389
1.797	0.394
1.792	0.394
1.807	0.394
1.817	0.399
1.812	0.403
1.817	0.408
1.817	0.403
1.826	0.408
1.831	0.408
1.836	0.408
1.831	0.408
1.831	0.418
1.826	0.423
1.836	0.433
1.841	0.433
1.846	0.438
1.856	0.408
1.865	0.394
1.86	0.394
1.865	0.403
1.87	0.418
1.865	0.418
1.86	0.418
1.865	0.418
1.865	0.418
1.865	0.413
1.9	0.418
1.895	0.418
1.89	0.418
1.89	0.428
1.895	0.423
1.895	0.442
1.9	0.423
1.909	0.423
1.904	0.433
1.914	0.438
1.919	0.452
1.919	0.457
1.914	0.491
1.914	0.496
1.904	0.491
1.909	0.496
1.909	0.496
1.909	0.496
1.904	0.501
1.9	0.501
1.895	0.506
1.89	0.496
1.875	0.501
1.86	0.501
1.846	0.501
1.841	0.506
1.831	0.506
1.821	0.506
1.812	0.506
1.792	0.506
1.787	0.501
1.826	0.506
1.817	0.511
1.797	0.525
1.787	0.525
1.773	0.525
1.753	0.53
1.724	0.535
1.714	0.545
1.709	0.55
1.704	0.55
1.67	0.555
1.665	0.565
1.665	0.569
1.655	0.569
1.641	0.579
1.626	0.584
1.636	0.589
1.621	0.594
1.611	0.594
1.616	0.604
1.592	0.608
1.572	0.613
1.577	0.623
1.553	0.623
1.543	0.623
1.519	0.623
1.538	0.623
1.533	0.613
1.543	0.618
1.543	0.643
1.543	0.648
1.533	0.648
1.465	0.662
1.436	0.667
1.392	0.677
1.367	0.682
1.392	0.691
1.362	0.696
1.372	0.701
1.323	0.711
1.304	0.721
1.255	0.77
1.226	0.784
1.123	0.794
1.089	0.799
1.069	0.804
1.045	0.823
0.996	0.833
0.996	0.843
0.972	0.843
0.957	0.853
0.913	0.857
0.908	0.862
0.884	0.862
0.864	0.867
0.82	0.877
0.767	0.887
0.703	0.892
0.689	0.897
0.693	0.897
0.664	0.901
0.669	0.936
0.654	0.95
0.713	0.96
0.703	0.96
0.698	0.97
0.659	0.97
0.615	0.975
0.518	0.98
0.444	0.984
0.42	0.989
0.376	0.999
0.21	1.004
0.156	1.009
0.195	1.014
0.195	1.019
0.191	1.019
0.21	1.028
0.054	1.043
0.117	1.038
0.093	1.028
0.147	1.043
0.093	1.043
0.059	1.043
0.068	1.033
0.044	1.048
0.039	1.058
0.015	1.077
0.005	1.092
0.005	1.097
0	1.107
0.005	1.116
0	1.136
0.005	1.141
0	1.15
0.005	1.15
0.005	1.15
0.005	1.15
0	1.16
0.005	1.16
0.005	1.17
0.005	1.17
0.005	1.18
0.005	1.185
0.005	1.199
0.005	1.199
0.005	1.204
0.005	1.209
0.005	1.209
0.005	1.214
0.005	1.219
0.005	1.224
0.005	1.224
0.005	1.224
0.005	1.233
0.005	1.233
0	1.238
0	1.243
0.005	1.248
0.005	1.253
0.005	1.253
0.005	1.263
0.005	1.268
0.005	1.273
0.005	1.277
0.005	1.287
0.005	1.287
0.005	1.287
0.005	1.292
0.005	1.292
0.005	1.297
0	1.292
0.005	1.287
0.005	1.282
0	1.302
0.005	1.321
0.005	1.316
0.005	1.326
0.005	1.341
0.005	1.351
0.005	1.37
0.005	1.356
0	1.365
0.005	1.37
0.005	1.365
0.005	1.375
0.005	1.385
0	1.395
0.005	1.399
0	1.399
0.005	1.419
0	1.434
0.005	1.424
0	1.429
0.005	1.448
0	1.424
0.005	1.424
0	1.419
0.005	1.419
0.005	1.443
0.005	1.443
0	1.439
0.005	1.434
0.005	1.424
0.005	1.434
0.005	1.443
0.005	1.429
0.005	1.424
0.005	1.39
0.005	1.336
0.005	1.326
0.005	1.321
0.005	1.341
0.005	1.356
0.005	1.36
0.005	1.37
0.005	1.36
0.005	1.37
0.005	1.38
0.005	1.385
0	1.395
0.005	1.395
0.005	1.404
0.005	1.414
0.005	1.399
0.005	1.399
0.005	1.399
0.005	1.395
0	1.419
0.005	1.439
0.005	1.458
0	1.453
0.005	1.473
0.005	1.468
0	1.473
0.005	1.478
0.005	1.482
0	1.487
0.005	1.482
0.005	1.502
0.005	1.502
0.005	1.512
0.005	1.522
0.005	1.531
0.005	1.526
0.005	1.536
0.005	1.566
0.005	1.575
0.005	1.59
0.005	1.595
0.005	1.605
0.005	1.609
0.005	1.609
0.005	1.619
0	1.629
0.005	1.614
0.005	1.619
0.005	1.624
0.005	1.629
0.005	1.644
0.005	1.644
0.005	1.649
0.005	1.639
0.005	1.644
0.005	1.653
0.005	1.668
0.005	1.673
0.005	1.678
0.005	1.692
0.005	1.697
0.005	1.688
0.005	1.692
0.005	1.683
0.005	1.692
0	1.688
0	1.707
0	1.702
0.005	1.707
0.005	1.722
0.005	1.727
0.005	1.722
0.005	1.722
0.005	1.722
0.005	1.707
0.005	1.722
0	1.727
0.005	1.732
0.005	1.732
0.005	1.727
0.005	1.727
0.005	1.717
0.005	1.697
0.005	1.707
0	1.702
0.005	1.678
0	1.678
0.005	1.717
0.005	1.702
0.005	1.678
0.005	1.683
0.005	1.702
0.005	1.683
0.005	1.697
0.005	1.673
0.005	1.678
0.005	1.678
0.005	1.668
0.005	1.605
0.005	1.692
0.005	1.746
0.005	1.712
0.005	1.639
0.005	1.629
0.005	1.595
0.005	1.585
0	1.692
0.005	1.663
0.005	1.644
0.005	1.614
0.005	1.609
0.005	1.619
0.005	1.624
0.005	1.649
0.005	1.609
0.005	1.624
0.005	1.658
0.005	1.595
0.005	1.58
0.005	1.556
0.005	1.663
0.005	1.653
0.005	1.658
0	1.668
0.005	1.683
0.005	1.678
0.005	1.668
0.005	1.614
0.005	1.639
0.005	1.649
0.005	1.649
0.005	1.673
0.005	1.678
0.005	1.692
0.005	1.746
0.005	1.756
0.005	1.732
0.005	1.712
0.005	1.751
0.005	1.751
0	1.756
0.005	1.732
0.005	1.775
0.005	1.79
0.005	1.78
0.005	1.78
0	1.756
0	1.741
0.005	1.732
0.005	1.736
0.005	1.78
0.005	1.771
0	1.751
0.005	1.712
0.005	1.663
0.005	1.683
0.005	1.653
0.005	1.668
0.005	1.678
0.005	1.634
0.005	1.634
0.005	1.688
0	1.673
0.005	1.653
0.005	1.634
0.005	1.634
0.005	1.663
0.005	1.712
0	1.736
0.005	1.668
0	1.683
0.005	1.692
0.005	1.717
0	1.746
0.005	1.727
0.005	1.707
0.005	1.668
0	1.702
0.005	1.717
0.005	1.697
0.005	1.658
0.005	1.624
0.005	1.658
0.005	1.707
0.005	1.741
0.005	1.702
0	1.805
0.005	1.834
0.005	1.722
0.005	1.751
0.005	1.712
0.005	1.727
0.005	1.688
0.005	1.829
0.005	1.658
0.005	1.658
0.005	1.658
0.005	1.653
0.005	1.58
0.005	1.688
0.005	1.619
0.005	1.6
0.005	1.556
0.005	1.492
0	1.522
0	1.629
0.005	1.683
0.005	1.663
0	1.57
0.005	1.531
0	1.658
0.005	1.634
0.005	1.639
0.005	1.644
0.005	1.58
0.005	1.522
0.005	1.536
0.005	1.517
0.005	1.482
0.005	1.448
0.005	1.307
0	1.238
0.005	1.16
0.005	1.16
0.005	1.014
0.005	0.916
0.005	0.853
0.005	0.794
0	0.701
0.005	0.662
0.005	0.565
0.005	0.55
0.005	0.53
0.005	0.54
0.005	0.511
0.005	0.447
0.005	0.452
0.005	0.408
0.005	0.403
0.005	0.399
0.005	0.379
0.005	0.374
0.005	0.34
0.005	0.301
0.005	0.272
0.005	0.237
0.005	0.208
0	0.213
0	0.193
0	0.203
0.005	0.193
0.005	0.169
0.005	0.174
0.005	0.174
0.005	0.193
0.005	0.189
0.005	0.179
0.005	0.174
0	0.154
0.005	0.149
0.005	0.154
0.005	0.159
0.005	0.145
0.005	0.14
0.005	0.14
0.005	0.14
0.005	0.135
0.005	0.135
0.005	0.14
0	0.13
0.005	0.145
0.005	0.14
0.005	0.135
0.005	0.125
0.005	0.12
0.005	0.096
0.005	0.066
0.005	0.062
0.005	0.057
0.005	0.052
0.005	0.042
0	0.037
0.005	0.032
0	0.042
0.005	0.042
0.005	0.027
0.005	0.027
0.005	0.027
0	0.023
0	0.023
0	0.023
0.005	0.023
0.005	0.027
0.005	0.023
0.005	0.023
0.005	0.023
0	0.023
0	0.023
0.005	0.027
0.005	0.032
0.005	0.027
0.005	0.023
0.005	0.023
0.005	0.018
0.005	0.018
0.005	0.027
0	0.027
0.005	0.027
0	0.027
0.005	0.018
0.005	0.018
0.005	0.018
0.005	0.018
0.005	0.013
0.005	0.013
0.005	0.018
0.005	0.018
0.005	0.013
0.005	0.018
0.005	0.018
0.005	0.018
0.005	0.018
0.005	0.018
0.005	0.018
0.005	0.018
0.005	0.018
0	0.018
0.005	0.018
0.005	0.018
0.005	0.018
0.005	0.018
0.005	0.018
0.005	0.018
0.005	0.018
0	0.018
0.005	0.018
0.005	0.018
0.005	0.018
0.005	0.018
0.005	0.018
0.005	0.018
0.005	0.018
0.005	0.018
0.005	0.018
0.005	0.018
0.005	0.018
0.005	0.018
0.005	0.018
0.005	0.018
0.005	0.018
0.005	0.018
0.005	0.018
0	0.018
0.005	0.018
0.005	0.018
0.005	0.018
0.005	0.018
0.005	0.018
0.005	0.018
0.005	0.018
0.005	0.018
0.005	0.018
0	0.018
0.005	0.018
0	0.018
0	0.018
0.005	0.018
0.005	0.018
0.005	0.018
0	0.018
0.005	0.018
0.005	0.018
0.005	0.023
0.005	0.023
0.005	0.023
0.005	0.018
0.005	0.023
0.005	0.018
0.005	0.023
0.005	0.023
0.005	0.018
0.005	0.018
0	0.018
0.005	0.018
0.005	0.018
0.005	0.018
0.005	0.018
0.005	0.018
0.005	0.018
0.005	0.018
0.005	0.018
0.005	0.018
0.005	0.018
0.005	0.018
0.005	0.018
0.005	0.018
0.005	0.018
0.005	0.018
0.005	0.018
0.005	0.018
0.005	0.018
0.005	0.018
0.005	0.018
0.005	0.018
0.005	0.018
0.005	0.013
0.005	0.018
0.005	0.013
0.005	0.018
0.005	0.018
0.005	0.018
0.005	0.018
0	0.018
0.005	0.018
0.005	0.018
0.005	0.018
0.005	0.018
0.005	0.018
0.005	0.018
0.005	0.018
0.005	0.018
0.005	0.018
0.005	0.018
0.005	0.018
0.005	0.018
0.005	0.018
0	0.018
0.005	0.018
0.005	0.018
0.005	0.018
0.005	0.018
0.005	0.018
0.005	0.018
0.005	0.018
0.005	0.018
0.005	0.018
0.005	0.018
0	0.018
0	0.018
0.005	0.018
0.005	0.018
0.005	0.018
0	0.018
0.005	0.018
0.005	0.018
0.005	0.018
0	0.018
0.005	0.018
0	0.018
0.005	0.018
0.005	0.018
0.005	0.018
0.005	0.018
0.005	0.018
0	0.018
0.005	0.018
0	0.018
0.005	0.018
0.005	0.018
0.005	0.018
0.005	0.018
0.005	0.018
0.005	0.018
0.005	0.018
0.005	0.018
0.005	0.018
0.005	0.018
0	0.018
0.005	0.018
0.005	0.018
0.005	0.018
0.005	0.018
0.005	0.018
0.005	0.018
0.005	0.018
0.005	0.018
0.005	0.018
0.005	0.018
0.005	0.018
0.005	0.018
0.005	0.018
0.005	0.018
0.005	0.018
0.005	0.018
0	0.018
0	0.018
0.005	0.018
0.005	0.018
0.005	0.018
0.005	0.018
0.005	0.018
0.005	0.018
0.005	0.018
0.005	0.018
0.005	0.018
0	0.018
0.005	0.018
0	0.018
0	0.018
0.005	0.018
0.005	0.018
0.005	0.018
0.005	0.018
0.005	0.018
0.005	0.018
0.005	0.018
0.005	0.018
0.005	0.018
0.005	0.018
0.005	0.018
0	0.018
0	0.018
0	0.018
0.005	0.018
0.005	0.018
0.005	0.018
0	0.018
0.005	0.018
0.005	0.018
0.005	0.018
0	0.018
0.005	0.018
0.005	0.018
0	0.018
0	0.018
0	0.018
0.005	0.018
0.005	0.018
0.005	0.018
0.005	0.018
0	0.018
0	0.023
0.005	0.018
0.005	0.018
0.005	0.023
0.005	0.023
0.005	0.023
0.005	0.018
0.005	0.023
0.005	0.023
0.005	0.023
0.005	0.023
0.005	0.023
0.005	0.023
0.005	0.023
0	0.023
0	0.023
0.005	0.023
0.005	0.023
0.005	0.023
0.005	0.023
0	0.023
0.005	0.023
0	0.023
0	0.023
0.005	0.023
0.005	0.023
0.005	0.023
0.005	0.023
0	0.023
0.005	0.023
0.005	0.023
0.005	0.023
0.005	0.023
0.005	0.023
0.005	0.023
0.005	0.023
0.005	0.023
0.005	0.023
0.005	0.023
0.005	0.023
0.005	0.023
0.005	0.023
0.005	0.023
0.005	0.023
0.005	0.023
0.005	0.023
0.005	0.023
0.005	0.023
0.005	0.023
0	0.023
0.005	0.023
0.005	0.023
0.005	0.023
0.005	0.023
0.005	0.023
0.005	0.023
0.005	0.023
0.005	0.018
0	0.018
0.005	0.018
0.005	0.018
0.005	0.018
0	0.018
0.005	0.018
0.005	0.018
0	0.018
0.005	0.018
0.005	0.018
0.005	0.018
0.005	0.018
0	0.018
0.005	0.018
0.005	0.018
0.005	0.018
0.005	0.018
0.005	0.013
0.005	0.013
0.005	0.013
0.005	0.013
0.005	0.013
0	0.013
0.005	0.013
0	0.013
0.005	0.013
0.005	0.013
0.005	0.013
0.005	0.013
0.005	0.013
0.005	0.013
0.005	0.013
0.005	0.013
0.005	0.013
0	0.013
0.005	0.013
0.005	0.013
0.005	0.013
0.005	0.013
0.005	0.013
0.005	0.013
0.005	0.013
0	0.013
0.005	0.013
0.005	0.013
0.005	0.013
0.005	0.013
0.005	0.013
0.005	0.013
0.005	0.013
0.005	0.013
0.005	0.013
0.005	0.013
0.005	0.018
0.005	0.013
0.005	0.013
0.005	0.018
0.005	0.018
0.005	0.018
0.005	0.013
0.005	0.018
0.005	0.018
0.005	0.018
0.005	0.013
0	0.018
0.005	0.013
0.005	0.018
0.005	0.018
0.005	0.018
0.005	0.018
0	0.018
0.005	0.018
0.005	0.018
0	0.018
0	0.018
0.005	0.018
0.005	0.018
0.005	0.018
0.005	0.018
0.005	0.018
0.005	0.018
0.005	0.018
0.005	0.018
0.005	0.018
0	0.018
0.005	0.018
0.005	0.018
0.005	0.023
0.005	0.023
0.005	0.023
0.005	0.023
0.005	0.027
0	0.032
0	0.037
0.005	0.042
0.005	0.042
0.005	0.042
0.005	0.037
0	0.037
0.005	0.042
0.005	0.037
0.005	0.042
0	0.037
0.005	0.032
0.005	0.032
0.005	0.032
0.005	0.027
0.005	0.032
0.064	0.027
0.249	0.027
0.547	0.027
0.859	0.027
1.084	0.027
1.265	0.023
1.362	0.023
1.46	0.023
1.543	0.023
1.494	0.023
1.519	0.023
1.509	0.023
1.47	0.023
1.445	0.023
1.45	0.023
1.46	0.023
1.46	0.023
1.445	0.023
1.382	0.023
1.338	0.023
1.362	0.023
1.362	0.023
1.348	0.023
1.397	0.023
1.436	0.023
1.45	0.023
1.416	0.018
1.338	0.023
1.372	0.023
1.465	0.023
1.489	0.023
1.48	0.023
1.445	0.018
1.372	0.023
1.343	0.018
1.304	0.018
1.323	0.018
1.304	0.018
1.372	0.018
1.377	0.018
1.372	0.018
1.333	0.023
1.397	0.023
1.421	0.023
1.421	0.023
1.475	0.023
1.328	0.023
1.24	0.023
1.27	0.027
1.397	0.023
1.441	0.023
1.416	0.023
1.465	0.027
1.455	0.027
1.47	0.027
1.504	0.027
1.445	0.027
1.387	0.027
1.45	0.032
1.494	0.032
1.377	0.047
1.323	0.052
1.362	0.037
1.348	0.057
1.358	0.12
1.372	0.12
1.475	0.101
1.426	0.101
1.338	0.11
1.372	0.159
1.392	0.203
1.358	0.193
1.338	0.179
1.372	0.203
1.416	0.208
1.333	0.228
1.47	0.242
1.533	0.237
1.514	0.247
1.543	0.252
1.509	0.267
1.475	0.272
1.441	0.276
1.48	0.281
1.436	0.291
1.509	0.296
1.567	0.301
1.607	0.306
1.621	0.316
1.611	0.325
1.641	0.33
1.636	0.335
1.655	0.34
1.694	0.345
1.68	0.345
1.685	0.345
1.694	0.355
1.699	0.355
1.714	0.355
1.719	0.364
1.758	0.359
1.768	0.359
1.763	0.369
1.773	0.374
1.777	0.369
1.802	0.374
1.812	0.379
1.826	0.379
1.865	0.379
1.87	0.374
1.875	0.374
1.875	0.374
1.87	0.374
1.875	0.374
1.87	0.374
1.875	0.379
1.875	0.379
1.89	0.379
1.9	0.374
1.904	0.374
1.904	0.374
1.909	0.374
1.909	0.379
1.909	0.379
1.919	0.379
1.924	0.379
1.939	0.389
1.939	0.389
1.943	0.394
1.948	0.394
1.943	0.394
1.934	0.399
1.939	0.399
1.89	0.389
1.885	0.389
1.885	0.389
1.875	0.384
1.89	0.394
1.885	0.394
1.885	0.403
1.885	0.394
1.89	0.389
1.895	0.394
1.895	0.394
1.9	0.394
1.895	0.399
1.89	0.394
1.89	0.408
1.89	0.403
1.88	0.403
1.885	0.403
1.895	0.394
1.909	0.384
1.939	0.384
1.934	0.394
1.929	0.399
1.943	0.399
1.939	0.394
1.948	0.394
1.934	0.399
1.934	0.394
1.934	0.394
1.948	0.394
1.939	0.399
1.939	0.413
1.934	0.408
1.943	0.408
1.904	0.399
1.89	0.399
1.89	0.413
1.89	0.423
1.895	0.428
1.89	0.413
1.89	0.413
1.89	0.413
1.895	0.418
1.895	0.418
1.89	0.408
1.89	0.413
1.89	0.418
1.89	0.423
1.88	0.418
1.88	0.418
1.875	0.433
1.865	0.413
1.86	0.418
1.851	0.418
1.846	0.408
1.851	0.423
1.836	0.408
1.831	0.394
1.821	0.399
1.807	0.403
1.787	0.389
1.753	0.374
1.738	0.364
1.719	0.355
1.724	0.369
1.709	0.355
1.641	0.359
1.616	0.374
1.597	0.369
1.577	0.384
1.563	0.374
1.558	0.379
1.548	0.355
1.489	0.355
1.421	0.345
1.426	0.379
1.406	0.369
1.397	0.384
1.372	0.369
1.314	0.359
1.299	0.364
1.279	0.364
1.27	0.355
1.25	0.359
1.245	0.355
1.255	0.355
1.24	0.355
1.255	0.345
1.255	0.35
1.235	0.35
1.231	0.35
1.182	0.35
1.216	0.345
1.167	0.359
1.104	0.364
1.152	0.359
1.148	0.369
1.118	0.379
1.099	0.374
1.099	0.359
1.079	0.389
1.06	0.384
1.055	0.394
1.016	0.394
0.986	0.389
0.952	0.374
0.903	0.389
0.894	0.399
0.889	0.408
0.864	0.408
0.816	0.408
0.747	0.408
0.718	0.399
0.708	0.394
0.669	0.394
0.664	0.394
0.674	0.399
0.723	0.408
0.728	0.408
0.737	0.403
0.728	0.403
0.689	0.408
0.65	0.413
0.645	0.423
0.65	0.418
0.64	0.423
0.625	0.433
0.601	0.433
0.61	0.433
0.552	0.433
0.503	0.428
0.518	0.418
0.547	0.413
0.503	0.418
0.484	0.423
0.469	0.423
0.464	0.433
0.459	0.433
0.444	0.433
0.43	0.438
0.43	0.438
0.425	0.438
0.366	0.438
0.308	0.442
0.259	0.452
0.264	0.452
0.269	0.452
0.259	0.452
0.23	0.467
0.23	0.467
0.23	0.482
0.234	0.501
0.239	0.525
0.225	0.53
0.205	0.53
0.2	0.53
0.225	0.535
0.23	0.55
0.234	0.555
0.22	0.565
0.215	0.565
0.244	0.565
0.2	0.565
0.2	0.565
0.195	0.569
0.195	0.569
0.191	0.574
0.195	0.584
0.176	0.589
0.176	0.594
0.181	0.594
0.176	0.599
0.171	0.599
0.103	0.604
0.093	0.618
0.059	0.618
0.02	0.618
0.005	0.623
0.005	0.628
0	0.628
0.005	0.628
0.005	0.633
0.005	0.638
0	0.662
0.005	0.667
0	0.667
0.005	0.672
0	0.682
0.005	0.677
0.005	0.682
0	0.691
0	0.696
0.005	0.701
0.005	0.706
0	0.711
0.005	0.721
0.005	0.721
0	0.735
0	0.735
0.005	0.75
0.005	0.755
0	0.76
0.005	0.784
0.005	0.789
0.005	0.789
0.005	0.794
0.005	0.794
0.005	0.799
0	0.809
0	0.823
0.005	0.848
0.005	0.862
0.005	0.872
0.005	0.877
0.005	0.882
0.005	0.887
0.005	0.901
0.005	0.892
0.005	0.887
0.005	0.897
0.005	0.906
0.005	0.911
0.005	0.911
0.005	0.916
0.005	0.921
0.005	0.931
0.005	0.941
0.005	0.936
0.005	0.955
0.005	0.955
0.005	0.96
0.005	0.97
0	0.975
0.005	0.984
0	0.994
0.005	1.009
0.005	1.024
0.005	1.038
0.005	1.033
0.005	1.033
0.005	1.063
0.005	1.072
0	1.077
0.005	1.087
0.005	1.092
0	1.102
0.005	1.107
0.005	1.111
0	1.121
0.005	1.116
0	1.111
0.005	1.121
0	1.131
0.005	1.126
0.005	1.107
0.005	1.111
0.005	1.121
0.005	1.116
0.005	1.102
0	1.097
0.005	1.102
0.005	1.107
0.005	1.111
0.005	1.121
0.005	1.116
0.005	1.121
0.005	1.126
0.005	1.136
0.005	1.136
0.005	1.146
0.005	1.15
0.005	1.18
0.005	1.185
0	1.185
0	1.19
0.005	1.199
0.005	1.209
0.005	1.219
0.005	1.224
0.005	1.224
0.005	1.233
0.005	1.238
0.005	1.243
0.005	1.253
0.005	1.268
0.005	1.277
0.005	1.282
0.005	1.277
0.005	1.258
0.005	1.258
0	1.273
0.005	1.268
0.005	1.287
0.005	1.297
0.005	1.292
0.005	1.297
0	1.307
0.005	1.312
0.005	1.316
0.005	1.321
0.005	1.346
0.005	1.365
0.005	1.365
0.005	1.37
0.005	1.375
0.005	1.39
0.005	1.399
0.005	1.409
0.005	1.404
0.005	1.414
0.005	1.414
0.005	1.414
0.005	1.409
0	1.399
0.005	1.414
0.005	1.414
0.005	1.429
0.005	1.443
0.005	1.453
0.005	1.458
0.005	1.478
0.005	1.482
0	1.482
0.005	1.443
0.005	1.473
0.005	1.478
0.005	1.468
0.005	1.487
0.005	1.497
0	1.482
0.005	1.492
0	1.492
0.005	1.497
0.005	1.482
0.005	1.487
0.005	1.492
0	1.507
0	1.517
0	1.512
0	1.507
0	1.531
0.005	1.536
0.005	1.531
0.005	1.517
0.005	1.531
0.005	1.512
0.005	1.517
0.005	1.517
0.005	1.541
0.005	1.541
0.005	1.531
0.005	1.556
0.005	1.556
0	1.526
0.005	1.551
0.005	1.531
0	1.541
0.005	1.556
0	1.561
0	1.536
0.005	1.58
0.005	1.546
0	1.561
0.005	1.556
0	1.556
0.005	1.551
0.005	1.556
0.005	1.556
0.005	1.556
0.005	1.57
0.005	1.566
0.005	1.556
0	1.541
0.005	1.541
0.005	1.551
0	1.551
0.005	1.536
0.005	1.512
0.005	1.492
0.005	1.507
0.005	1.531
0.005	1.536
0.005	1.517
0.005	1.536
0.005	1.566
0.005	1.57
0.005	1.546
0.005	1.561
0.005	1.502
0.005	1.507
0.005	1.531
0.005	1.512
0.005	1.463
0.005	1.419
0.005	1.453
0.005	1.453
0.005	1.453
0.005	1.434
0.005	1.434
0.005	1.434
0.005	1.424
0.005	1.399
0.005	1.385
0.005	1.365
0.005	1.341
0.005	1.336
0	1.375
0.005	1.307
0.005	1.243
0.005	1.214
0.005	1.185
0.005	1.204
0	1.194
0.005	1.097
0.005	1.072
0.005	1.072
0.005	1.048
0.005	0.945
0.005	0.877
0.005	0.794
0.005	0.838
0.005	0.853
0	0.828
0.005	0.716
0.005	0.608
0.005	0.574
0.005	0.589
0.005	0.535
0.005	0.418
0.005	0.423
0.005	0.428
0.005	0.413
0	0.389
0	0.369
0.005	0.34
0.005	0.252
0.005	0.203
0.005	0.189
0.005	0.184
0	0.174
0.005	0.203
0.005	0.223
0.005	0.228
0.005	0.189
0.005	0.218
0.005	0.213
0.005	0.213
0	0.213
0.005	0.198
0.005	0.179
0.005	0.174
0.005	0.154
0.005	0.115
0	0.125
0	0.11
0.005	0.096
0.005	0.086
0	0.106
0	0.115
0	0.106
0.005	0.11
0	0.12
0.005	0.12
0.005	0.12
0.005	0.11
0.005	0.096
0.005	0.076
0.005	0.076
0.005	0.076
0.005	0.071
0.005	0.066
0.005	0.066
0.005	0.052
0.005	0.052
0.005	0.052
0.005	0.057
0.005	0.052
0	0.047
0.005	0.042
0.005	0.037
0.005	0.037
0.005	0.032
0.005	0.023
0.005	0.023
0	0.018
0.005	0.018
0.005	0.018
0.005	0.018
0.005	0.018
0.005	0.018
0.005	0.018
0.005	0.023
0.005	0.023
0.005	0.023
0.005	0.023
0.005	0.023
0.005	0.023
0.005	0.018
0.005	0.018
0.005	0.018
0.005	0.018
0.005	0.018
0	0.018
0.005	0.032
0	0.032
0.005	0.032
0.005	0.027
0.005	0.027
0.005	0.023
0.005	0.023
0.005	0.023
0.005	0.023
0.005	0.018
0.005	0.018
0.005	0.018
0.005	0.018
0.005	0.018
0.005	0.013
0	0.013
0.005	0.018
0.005	0.018
0.005	0.018
0.005	0.018
0.005	0.018
0.005	0.018
0.005	0.018
0.005	0.018
0.005	0.018
0.005	0.018
0.005	0.018
0.005	0.018
0.005	0.018
0.005	0.018
0.005	0.018
0.005	0.018
0.005	0.018
0.005	0.018
0	0.018
0.005	0.018
0.005	0.018
0.005	0.018
0.005	0.018
0.005	0.018
0.005	0.018
0.005	0.018
0.005	0.018
0.005	0.018
0.005	0.018
0.005	0.018
0.005	0.018
0.005	0.018
0.005	0.018
0.005	0.018
0.005	0.018
0.005	0.018
0.005	0.018
0	0.018
0.005	0.018
0.005	0.018
0	0.018
0.005	0.018
0.005	0.018
0	0.018
0.005	0.023
0.005	0.018
0.005	0.018
0.005	0.023
0.005	0.023
0.005	0.023
0.005	0.023
0.005	0.023
0.005	0.023
0.005	0.023
0.005	0.023
0.005	0.023
0.005	0.023
0	0.023
0.005	0.018
0	0.023
0	0.023
0	0.023
0	0.018
0.005	0.018
0	0.018
0.005	0.018
0.005	0.018
0.005	0.018
0.005	0.018
0	0.018
0.005	0.018
0.005	0.018
0.005	0.018
0.005	0.018
0.005	0.018
0.005	0.018
0	0.018
0.005	0.018
0.005	0.018
0.005	0.018
0.005	0.018
0.005	0.018
0.005	0.018
0.005	0.018
0.005	0.018
0.005	0.018
0.005	0.018
0.005	0.018
0	0.018
0.005	0.018
0.005	0.018
0	0.018
0.005	0.018
0.005	0.018
0.005	0.018
0	0.018
0.005	0.018
0	0.018
0	0.018
0.005	0.018
0.005	0.018
0.005	0.018
0.005	0.018
0.005	0.018
0.005	0.018
0	0.018
0.005	0.018
0.005	0.018
0.005	0.018
0.005	0.018
0.005	0.018
0.005	0.018
0.005	0.018
0.005	0.018
0.005	0.018
0.005	0.018
0.005	0.018
0.005	0.018
0.005	0.018
0.005	0.018
0.005	0.018
0.005	0.018
0.005	0.018
0	0.018
0.005	0.018
0	0.018
0	0.018
0.005	0.018
0.005	0.018
0.005	0.018
0.005	0.018
0.005	0.018
0.005	0.018
0.005	0.018
0.005	0.018
0.005	0.018
0.005	0.018
0.005	0.018
0.005	0.018
0.005	0.018
0.005	0.018
0.005	0.018
0	0.018
0.005	0.018
0.005	0.018
0.005	0.018
0.005	0.018
0.005	0.018
0	0.018
0.005	0.018
0.005	0.018
0.005	0.018
0.005	0.018
0.005	0.018
0.005	0.018
0.005	0.018
0.005	0.018
0	0.018
0.005	0.018
0	0.018
0	0.018
0.005	0.018
0.005	0.018
0	0.018
0.005	0.018
0.005	0.018
0.005	0.018
0.005	0.018
0	0.018
0.005	0.018
0.005	0.018
0.005	0.018
0.005	0.018
0	0.018
0.005	0.023
0.005	0.018
0.005	0.018
0	0.023
0.005	0.023
0	0.023
0	0.023
0.005	0.023
0.005	0.023
0	0.023
0.005	0.023
0.005	0.023
0	0.023
0.005	0.023
0.005	0.023
0	0.023
0.005	0.023
0.005	0.023
0.005	0.023
0.005	0.023
0.005	0.023
0.005	0.023
0.005	0.023
0	0.023
0.005	0.023
0	0.023
0.005	0.023
0	0.023
0.005	0.023
0.005	0.023
0	0.023
0	0.023
0.005	0.023
0.005	0.023
0.005	0.023
0.005	0.023
0.005	0.023
0.005	0.023
0.005	0.023
0.005	0.023
0.005	0.023
0.005	0.023
0.005	0.023
0.005	0.023
0.005	0.023
0.005	0.023
0	0.023
0.005	0.023
0	0.023
0.005	0.023
0.005	0.023
0.005	0.023
0.005	0.023
0.005	0.023
0.005	0.023
0.005	0.023
0.005	0.023
0.005	0.023
0.005	0.023
0.005	0.023
0.005	0.023
0.005	0.023
0.005	0.018
0.005	0.023
0.005	0.023
0.005	0.023
0.005	0.023
0.005	0.018
0.005	0.023
0.005	0.023
0.005	0.023
0.005	0.023
0.005	0.023
0.005	0.023
0.005	0.023
0.005	0.023
0.005	0.023
0.005	0.023
0	0.023
0.005	0.023
0.005	0.023
0.005	0.023
0.005	0.023
0.005	0.023
0.005	0.023
0.005	0.023
0.005	0.023
0.005	0.023
0.005	0.023
0.005	0.023
0	0.023
0.005	0.023
0.005	0.023
0.005	0.023
0.005	0.023
0.005	0.023
0.005	0.023
0.005	0.023
0.005	0.023
0.005	0.023
0.005	0.023
0.005	0.023
0.005	0.018
0.005	0.018
0.005	0.018
0.005	0.018
0.005	0.018
0.005	0.018
0.005	0.018
0.005	0.018
0.005	0.018
0.005	0.018
0.005	0.018
0.005	0.013
0.005	0.013
0.005	0.013
0.005	0.013
0.005	0.013
0.005	0.013
0.005	0.013
0.005	0.013
0.005	0.013
0.005	0.013
0.005	0.013
0.005	0.013
0.005	0.013
0.005	0.013
0.005	0.013
0.005	0.013
0.005	0.013
0.005	0.013
0.005	0.013
0.005	0.013
0	0.013
0.005	0.013
0.005	0.013
0.005	0.013
0.005	0.013
0.005	0.013
0.005	0.013
0.005	0.013
0.005	0.013
0.005	0.013
0.005	0.013
0.005	0.013
0.005	0.013
0.005	0.013
0.005	0.013
0.005	0.018
0.005	0.013
0.005	0.018
0	0.018
0.005	0.018
0.005	0.018
0.005	0.018
0.005	0.018
0.005	0.018
0.005	0.018
0.005	0.018
0.005	0.018
0.005	0.018
0.005	0.018
0.005	0.018
0.005	0.018
0.005	0.018
0.005	0.018
0.005	0.018
0.005	0.023
0	0.023
0.005	0.023
0	0.023
0	0.023
0	0.027
0.005	0.027
0.005	0.032
0.005	0.037
0.005	0.042
0.005	0.047
0.005	0.047
0.005	0.047
0.005	0.042
0.005	0.042
0.005	0.042
0.005	0.042
0.005	0.032
0.005	0.037
0	0.037
0	0.037
0	0.037
0	0.027
0.005	0.027
0.073	0.027
0.376	0.027
0.63	0.023
1.099	0.023
1.406	0.023
1.538	0.023
1.734	0.023
1.9	0.023
1.943	0.023
1.973	0.023
1.958	0.023
1.953	0.023
1.885	0.023
1.875	0.023
1.821	0.023
1.807	0.023
1.841	0.023
1.821	0.023
1.826	0.023
1.846	0.023
1.846	0.023
1.856	0.023
1.836	0.023
1.919	0.018
1.87	0.018
1.856	0.018
1.851	0.018
1.875	0.018
1.904	0.018
1.9	0.018
1.875	0.018
1.86	0.018
1.826	0.018
1.817	0.018
1.777	0.018
1.807	0.018
1.734	0.018
1.753	0.018
1.748	0.018
1.792	0.018
1.807	0.018
1.812	0.018
1.807	0.018
1.729	0.018
1.724	0.023
1.748	0.023
1.685	0.023
1.655	0.023
1.665	0.023
1.646	0.023
1.626	0.023
1.602	0.023
1.597	0.023
1.543	0.023
1.533	0.023
1.519	0.023
1.265	0.023
1.216	0.023
1.221	0.023
1.362	0.027
1.406	0.027
1.24	0.027
1.284	0.027
1.406	0.027
1.401	0.027
1.377	0.027
1.289	0.027
1.255	0.027
1.235	0.027
1.25	0.042
1.24	0.037
1.299	0.052
1.226	0.042
1.279	0.052
1.265	0.062
1.343	0.057
1.314	0.101
1.304	0.125
1.323	0.154
1.353	0.232
1.343	0.198
1.455	0.189
1.455	0.208
1.533	0.218
1.524	0.257
1.577	0.252
1.538	0.272
1.528	0.267
1.524	0.267
1.548	0.267
1.548	0.272
1.563	0.286
1.572	0.296
1.616	0.296
1.636	0.306
1.67	0.306
1.67	0.301
1.675	0.301
1.694	0.301
1.699	0.33
1.699	0.34
1.704	0.355
1.714	0.355
1.724	0.35
1.738	0.345
1.743	0.35
1.753	0.355
1.753	0.364
1.758	0.359
1.763	0.359
1.768	0.359
1.763	0.355
1.773	0.355
1.782	0.355
1.782	0.345
1.787	0.345
1.802	0.359
1.812	0.364
1.812	0.359
1.817	0.359
1.826	0.359
1.826	0.359
1.831	0.35
1.836	0.355
1.846	0.355
1.846	0.359
1.851	0.364
1.86	0.369
1.865	0.374
1.865	0.384
1.87	0.384
1.875	0.389
1.875	0.403
1.875	0.403
1.88	0.394
1.88	0.399
1.88	0.399
1.885	0.399
1.88	0.389
1.885	0.389
1.875	0.403
1.87	0.408
1.865	0.413
1.875	0.408
1.875	0.408
1.87	0.408
1.86	0.408
1.856	0.413
1.856	0.413
1.851	0.418
1.846	0.423
1.846	0.428
1.846	0.428
1.846	0.428
1.851	0.428
1.846	0.428
1.841	0.447
1.826	0.452
1.831	0.452
1.826	0.452
1.831	0.457
1.821	0.467
1.807	0.467
1.817	0.472
1.807	0.477
1.797	0.477
1.782	0.477
1.792	0.491
1.758	0.491
1.748	0.491
1.748	0.491
1.738	0.491
1.729	0.491
1.719	0.496
1.709	0.496
1.709	0.506
1.704	0.516
1.69	0.511
1.665	0.521
1.631	0.521
1.631	0.525
1.611	0.53
1.592	0.535
1.587	0.535
1.577	0.535
1.563	0.545
1.548	0.545
1.543	0.545
1.528	0.545
1.509	0.55
1.499	0.55
1.475	0.55
1.484	0.55
1.48	0.555
1.455	0.56
1.441	0.565
1.406	0.565
1.421	0.569
1.387	0.569
1.382	0.565
1.348	0.569
1.318	0.569
1.304	0.565
1.294	0.569
1.279	0.574
1.27	0.579
1.235	0.579
1.206	0.579
1.187	0.574
1.148	0.579
1.104	0.579
1.03	0.589
1.05	0.594
1.026	0.594
0.996	0.594
0.972	0.594
0.938	0.599
0.894	0.613
0.869	0.613
0.84	0.613
0.767	0.618
0.757	0.618
0.806	0.633
0.796	0.638
0.757	0.638
0.742	0.643
0.693	0.643
0.689	0.696
0.645	0.701
0.625	0.716
0.635	0.721
0.625	0.721
0.62	0.726
0.567	0.726
0.571	0.731
0.488	0.731
0.484	0.745
0.469	0.755
0.454	0.77
0.479	0.779
0.464	0.789
0.454	0.799
0.401	0.814
0.386	0.848
0.386	0.857
0.401	0.853
0.391	0.862
0.347	0.867
0.327	0.882
0.317	0.892
0.342	0.906
0.308	0.906
0.244	0.926
0.269	0.926
0.308	0.936
0.2	0.945
0.108	0.95
0.098	0.955
0.078	0.955
0.064	0.96
0.049	0.965
0.044	0.975
0.073	0.98
0.108	0.984
0.064	0.989
0.068	0.999
0.112	1.009
0.059	1.019
0.015	1.033
0.005	1.043
0.005	1.053
0	1.058
0	1.067
0.005	1.067
0.005	1.077
0.005	1.082
0.005	1.092
0.005	1.092
0.005	1.097
0.005	1.111
0.005	1.116
0.005	1.121
0.005	1.121
0.005	1.116
0.005	1.111
0	1.116
0.005	1.121
0.005	1.126
0.005	1.141
0.005	1.15
0.005	1.155
0.005	1.165
0	1.165
0.005	1.18
0.005	1.185
0.005	1.185
0.005	1.194
0.005	1.204
0.005	1.209
0.005	1.199
0.005	1.209
0.005	1.224
0	1.243
0.005	1.253
0.005	1.263
0.005	1.268
0.005	1.277
0.005	1.282
0.005	1.297
0.005	1.292
0.005	1.292
0.005	1.302
0.005	1.312
0.005	1.321
0.005	1.336
0.005	1.341
0.005	1.356
0.005	1.36
0	1.365
0.005	1.36
0.005	1.36
0.005	1.36
0.005	1.365
0.005	1.37
0.005	1.38
0.005	1.375
0.005	1.38
0.005	1.385
0.005	1.395
0.005	1.404
0.005	1.419
0.005	1.424
0.005	1.439
0.005	1.439
0.005	1.443
0.005	1.458
0.005	1.463
0.005	1.468
0	1.478
0.005	1.487
0.005	1.487
0.005	1.492
0	1.497
0.005	1.502
0	1.502
0.005	1.512
0	1.522
0.005	1.517
0.005	1.526
0.005	1.541
0.005	1.551
0.005	1.556
0.005	1.551
0.005	1.551
0.005	1.561
0.005	1.551
0	1.551
0.005	1.556
0.005	1.556
0.005	1.556
0.005	1.556
0.005	1.57
0.005	1.57
0.005	1.595
0	1.6
0.005	1.619
0	1.619
0.005	1.624
0.005	1.653
0.005	1.658
0.005	1.658
0.005	1.688
0.005	1.702
0.005	1.697
0.005	1.712
0.005	1.712
0.005	1.736
0.005	1.722
0.005	1.756
0.005	1.756
0.005	1.775
0.005	1.785
0.005	1.79
0.005	1.79
0.005	1.829
0.005	1.839
0	1.849
0.005	1.878
0.005	1.868
0.005	1.858
0	1.863
0.005	1.868
0.005	1.898
0	1.907
0	1.917
0.005	1.917
0.005	1.917
0	1.932
0.005	1.902
0.005	1.878
0.005	1.883
0.005	1.883
0	1.878
0.005	1.888
0.005	1.898
0.005	1.883
0.005	1.888
0.005	1.849
0.005	1.839
0.005	1.722
0.005	1.551
0	1.575
0.005	1.658
0.005	1.629
0.005	1.639
0.005	1.595
0.005	1.688
0.005	1.639
0.005	1.649
0.005	1.741
0.005	1.707
0.005	1.649
0.005	1.732
0	1.712
0	1.722
0.005	1.692
0.005	1.751
0.005	1.649
0.005	1.585
0.005	1.727
0	1.692
0	1.746
0.005	1.673
0	1.614
0.005	1.795
0.005	1.697
0.005	1.717
0.005	1.756
0.005	1.575
0.005	1.492
0	1.448
0.005	1.561
0.005	1.531
0.005	1.512
0.005	1.37
0	1.448
0.005	1.419
0.005	1.404
0.005	1.478
0	1.395
0	1.463
0.005	1.478
0.005	1.57
0	1.614
0.005	1.629
0.005	1.566
0.005	1.566
0.005	1.6
0.005	1.634
0.005	1.482
0.005	1.561
0.005	1.585
0.005	1.688
0.005	1.732
0.005	1.727
0	1.756
0	1.732
0	1.678
0	1.658
0	1.6
0.005	1.526
0.005	1.561
0.005	1.658
0.005	1.546
0.005	1.619
0.005	1.614
0.005	1.551
0.005	1.585
0.005	1.536
0.005	1.551
0.005	1.541
0.005	1.453
0.005	1.497
0.005	1.439
0.005	1.439
0	1.702
0.005	1.585
0.005	1.561
0	1.609
0.005	1.741
0.005	1.756
0	1.775
0	1.795
0.005	1.795
0.005	1.819
0.005	1.863
0.005	1.912
0.005	2.015
0	1.961
0.005	1.995
0.005	1.927
0.005	1.902
0.005	1.893
0.005	1.868
0.005	1.766
0.005	1.78
0.005	1.771
0.005	1.688
0	1.81
0	1.844
0	1.883
0.005	1.79
0.005	1.815
0.005	1.824
0.005	1.902
0	1.937
0.005	2.01
0.005	2.005
0.005	2.034
0.005	2.015
0.005	2.01
0.005	1.971
0.005	1.927
0.005	1.956
0.005	1.976
0.005	2.005
0	2.005
0.005	2.039
0	2.039
0.005	2.01
0.005	1.932
0.005	2.044
0.005	2.127
0.005	2.225
0.005	2.269
0.005	2.264
0.005	2.259
0.005	2.274
0.005	2.332
0.005	2.357
0.005	2.357
0.005	2.371
0.005	2.4
0.005	2.386
0.005	2.293
0.005	2.254
0.005	2.161
0	2.024
0.005	1.937
0.005	1.912
0.005	1.961
0.005	1.736
0	1.517
0.005	1.692
0.005	1.775
0.005	1.649
0.005	1.702
0	1.741
0	1.771
0.005	1.912
0.005	1.927
0.005	1.902
0.005	1.819
0.005	1.761
0.005	1.678
0.005	1.683
0.005	1.644
0.005	1.644
0.005	1.419
0.005	1.487
0.005	1.38
0.005	1.385
0.005	1.146
0.005	1.092
0.005	1.009
0	0.975
0.005	0.828
0.005	0.921
0.005	0.755
0.005	0.569
0.005	0.511
0.005	0.521
0.005	0.482
0.005	0.467
0.005	0.389
0.005	0.335
0.005	0.325
0	0.286
0.005	0.296
0.005	0.252
0.005	0.257
0.005	0.272
0	0.252
0.005	0.232
0	0.208
0.005	0.208
0.005	0.184
0.005	0.193
0.005	0.179
0.005	0.159
0.005	0.145
0.005	0.145
0.005	0.14
0.005	0.14
0.005	0.125
0.005	0.135
0	0.145
0	0.135
0.005	0.13
0	0.13
0	0.14
0.005	0.149
0.005	0.145
0	0.14
0.005	0.125
0.005	0.11
0.005	0.11
0.005	0.096
0.005	0.101
0	0.086
0.005	0.066
0.005	0.057
0.005	0.057
0.005	0.042
0	0.037
0.005	0.027
0.005	0.027
0	0.027
0.005	0.047
0.005	0.042
0.005	0.042
0.005	0.042
0.005	0.037
0.005	0.032
0.005	0.032
0	0.027
0.005	0.023
0.005	0.018
0.005	0.018
0.005	0.018
0.005	0.018
0.005	0.018
0.005	0.018
0.005	0.018
0.005	0.018
0.005	0.018
0	0.023
0.005	0.023
0.005	0.023
0.005	0.023
0.005	0.023
0.005	0.018
0.005	0.018
0.005	0.023
0.005	0.032
0.005	0.032
0.005	0.018
0	0.018
0.005	0.018
0.005	0.018
0.005	0.018
0.005	0.018
0.005	0.018
0.005	0.032
0.005	0.027
0.005	0.027
0.005	0.027
0.005	0.023
0	0.027
0.005	0.023
0	0.023
0.005	0.023
0.005	0.023
0.005	0.023
0.005	0.023
0.005	0.023
0.005	0.023
0.005	0.023
0.005	0.023
0.005	0.018
0.005	0.018
0.005	0.018
0.005	0.018
0.005	0.018
0.005	0.018
0.005	0.018
0.005	0.018
0.005	0.018
0	0.018
0.005	0.018
0.005	0.018
0.005	0.018
0.005	0.018
0.005	0.018
0.005	0.018
0.005	0.018
0.005	0.018
0	0.018
0	0.018
0.005	0.013
0.005	0.018
0.005	0.013
0.005	0.013
0.005	0.018
0.005	0.018
0.005	0.018
0.005	0.018
0.005	0.018
0.005	0.018
0	0.018
0	0.018
0.005	0.018
0	0.018
0.005	0.013
0.005	0.018
0.005	0.018
0.005	0.013
0.005	0.018
0.005	0.018
0.005	0.013
0.005	0.013
0.005	0.013
0.005	0.013
0.005	0.018
0.005	0.013
0.005	0.018
0.005	0.018
0.005	0.018
0.005	0.018
0	0.018
0.005	0.018
0.005	0.018
0.005	0.018
0.005	0.018
0.005	0.018
0.005	0.018
0.005	0.018
0.005	0.018
0.005	0.018
0.005	0.018
0.005	0.018
0.005	0.018
0.005	0.018
0.005	0.018
0	0.018
0.005	0.018
0.005	0.018
0.005	0.018
0.005	0.018
0.005	0.018
0	0.018
0.005	0.018
0.005	0.018
0.005	0.018
0.005	0.018
0.005	0.018
0.005	0.018
0.005	0.013
0.005	0.018
0.005	0.013
0.005	0.018
0.005	0.018
0.005	0.018
0.005	0.018
0.005	0.018
0.005	0.013
0.005	0.018
0.005	0.018
0.005	0.018
0.005	0.018
0.005	0.018
0.005	0.018
0.005	0.018
0.005	0.018
0.005	0.018
0.005	0.018
0.005	0.018
0.005	0.018
0	0.018
0.005	0.018
0.005	0.018
0.005	0.018
0.005	0.018
0.005	0.018
0.005	0.018
0.005	0.018
0.005	0.018
0.005	0.018
0.005	0.018
0.005	0.018
0.005	0.018
0.005	0.018
0	0.018
0.005	0.018
0.005	0.018
0.005	0.018
0.005	0.018
0.005	0.018
0.005	0.018
0.005	0.018
0.005	0.018
0.005	0.018
0.005	0.018
0.005	0.018
0	0.018
0.005	0.018
0.005	0.018
0.005	0.018
0.005	0.018
0.005	0.018
0.005	0.018
0	0.018
0.005	0.018
0	0.018
0.005	0.018
0.005	0.018
0.005	0.018
0.005	0.018
0.005	0.018
0.005	0.018
0.005	0.018
0.005	0.018
0	0.018
0.005	0.018
0.005	0.018
0	0.018
0.005	0.018
0.005	0.018
0.005	0.018
0.005	0.018
0.005	0.018
0.005	0.018
0.005	0.018
0.005	0.018
0.005	0.018
0	0.018
0.005	0.018
0.005	0.018
0.005	0.018
0.005	0.018
0.005	0.018
0.005	0.018
0.005	0.018
0.005	0.018
0.005	0.018
0.005	0.023
0.005	0.018
0.005	0.018
0.005	0.023
0.005	0.023
0.005	0.023
0.005	0.023
0.005	0.023
0.005	0.018
0	0.018
0	0.018
0	0.023
0.005	0.023
0.005	0.018
0.005	0.023
0.005	0.018
0	0.023
0.005	0.018
0.005	0.023
0.005	0.023
0.005	0.023
0.005	0.023
0.005	0.023
0.005	0.023
0.005	0.023
0.005	0.023
0	0.023
0.005	0.023
0	0.023
0.005	0.023
0.005	0.023
0	0.023
0.005	0.023
0	0.023
0.005	0.023
0.005	0.023
0.005	0.023
0.005	0.023
0.005	0.023
0.005	0.023
0.005	0.023
0	0.023
0.005	0.023
0.005	0.023
0.005	0.023
0.005	0.023
0.005	0.023
0.005	0.023
0.005	0.023
0.005	0.023
0.005	0.023
0.005	0.023
0.005	0.023
0.005	0.023
0.005	0.023
0.005	0.023
0.005	0.023
0.005	0.023
0.005	0.023
0.005	0.023
0.005	0.023
0.005	0.023
0.005	0.023
0.005	0.023
0.005	0.023
0.005	0.023
0.005	0.023
0	0.023
0.005	0.023
0.005	0.023
0	0.023
0.005	0.023
0	0.023
0.005	0.023
0.005	0.023
0	0.023
0.005	0.023
0.005	0.023
0.005	0.023
0.005	0.023
0.005	0.023
0.005	0.023
0.005	0.023
0.005	0.023
0.005	0.023
0.005	0.023
0.005	0.023
0.005	0.023
0.005	0.023
0.005	0.023
0.005	0.023
0	0.023
0.005	0.018
0.005	0.018
0.005	0.018
0.005	0.018
0.005	0.018
0.005	0.018
0.005	0.018
0.005	0.018
0	0.018
0.005	0.018
0.005	0.018
0.005	0.018
0.005	0.018
0.005	0.018
0.005	0.018
0.005	0.018
0.005	0.018
0.005	0.013
0.005	0.013
0.005	0.013
0.005	0.013
0.005	0.013
0.005	0.013
0.005	0.013
0.005	0.013
0.005	0.013
0.005	0.013
0.005	0.013
0.005	0.013
0.005	0.018
0.005	0.013
0.005	0.013
0.005	0.013
0.005	0.013
0.005	0.013
0.005	0.018
0.005	0.013
0	0.013
0	0.013
0	0.013
0.005	0.013
0.005	0.013
0.005	0.013
0	0.013
0.005	0.013
0.005	0.013
0.005	0.013
0	0.013
0.005	0.013
0.005	0.013
0.005	0.018
0.005	0.018
0.005	0.018
0.005	0.018
0.005	0.018
0	0.018
0.005	0.018
0.005	0.013
0	0.018
0.005	0.013
0	0.018
0.005	0.013
0.005	0.013
0.005	0.013
0.005	0.013
0.005	0.013
0.005	0.018
0.005	0.018
0.005	0.018
0.005	0.018
0.005	0.018
0.005	0.018
0.005	0.018
0.005	0.018
0.005	0.018
0.005	0.018
0.005	0.018
0.005	0.018
0	0.018
0.005	0.018
0.005	0.018
0	0.018
0.005	0.018
0	0.018
0	0.018
0.005	0.018
0.005	0.018
0.005	0.018
0.005	0.018
0	0.018
0.005	0.023
0.005	0.023
0.005	0.023
0.005	0.023
0.005	0.023
0	0.023
0.005	0.027
0	0.027
0	0.027
0.005	0.032
0.005	0.037
0	0.047
0	0.052
0.005	0.057
0	0.057
0	0.052
0	0.047
0.005	0.047
0.005	0.047
0.005	0.042
0	0.042
0.005	0.037
0.005	0.037
0.005	0.037
0.005	0.032
0.034	0.027
0.142	0.027
0.269	0.027
0.601	0.027
0.884	0.023
1.157	0.023
1.416	0.023
1.699	0.023
1.841	0.023
1.904	0.023
1.885	0.023
1.86	0.023
1.753	0.023
1.699	0.023
1.636	0.023
1.597	0.023
1.528	0.023
1.519	0.027
1.484	0.023
1.47	0.023
1.48	0.027
1.45	0.023
1.45	0.023
1.484	0.023
1.48	0.023
1.504	0.023
1.524	0.018
1.538	0.018
1.567	0.018
1.489	0.018
1.548	0.018
1.528	0.018
1.455	0.018
1.509	0.018
1.465	0.018
1.489	0.018
1.499	0.018
1.499	0.018
1.509	0.018
1.421	0.018
1.401	0.018
1.406	0.018
1.362	0.018
1.348	0.018
1.338	0.018
1.348	0.023
1.372	0.023
1.538	0.023
1.519	0.023
1.489	0.023
1.426	0.023
1.338	0.023
1.343	0.023
1.128	0.027
1.123	0.027
1.079	0.027
1.06	0.027
1.143	0.032
1.109	0.032
1.079	0.032
1.255	0.032
1.226	0.032
1.367	0.032
1.314	0.032
1.353	0.032
1.445	0.027
1.528	0.032
1.484	0.037
1.475	0.037
1.46	0.052
1.514	0.101
1.431	0.091
1.45	0.086
1.499	0.091
1.484	0.125
1.45	0.169
1.484	0.189
1.607	0.203
1.641	0.228
1.533	0.237
1.572	0.228
1.563	0.232
1.558	0.237
1.524	0.242
1.484	0.242
1.494	0.267
1.519	0.272
1.587	0.276
1.641	0.281
1.66	0.281
1.66	0.276
1.646	0.281
1.582	0.281
1.621	0.281
1.651	0.311
1.665	0.316
1.67	0.316
1.675	0.311
1.67	0.306
1.68	0.311
1.704	0.316
1.714	0.32
1.729	0.335
1.743	0.345
1.748	0.35
1.743	0.35
1.743	0.345
1.748	0.345
1.763	0.345
1.763	0.345
1.768	0.35
1.773	0.35
1.787	0.355
1.792	0.355
1.797	0.359
1.802	0.364
1.807	0.369
1.817	0.369
1.826	0.369
1.826	0.369
1.841	0.374
1.846	0.374
1.86	0.379
1.856	0.379
1.846	0.374
1.87	0.379
1.87	0.379
1.87	0.379
1.875	0.379
1.88	0.379
1.875	0.399
1.88	0.399
1.875	0.403
1.89	0.403
1.895	0.403
1.9	0.403
1.9	0.408
1.9	0.408
1.904	0.408
1.904	0.408
1.904	0.403
1.904	0.403
1.909	0.408
1.914	0.403
1.909	0.413
1.909	0.413
1.904	0.413
1.904	0.418
1.904	0.418
1.904	0.413
1.904	0.418
1.9	0.418
1.904	0.418
1.9	0.418
1.9	0.418
1.9	0.418
1.895	0.418
1.89	0.408
1.87	0.408
1.865	0.418
1.865	0.418
1.865	0.423
1.86	0.428
1.846	0.428
1.787	0.428
1.782	0.428
1.787	0.428
1.782	0.433
1.773	0.438
1.768	0.438
1.773	0.438
1.773	0.447
1.768	0.447
1.758	0.452
1.763	0.452
1.753	0.467
1.743	0.472
1.738	0.477
1.738	0.477
1.724	0.482
1.729	0.486
1.729	0.491
1.724	0.491
1.724	0.496
1.709	0.501
1.709	0.506
1.704	0.511
1.714	0.516
1.709	0.521
1.694	0.525
1.694	0.525
1.68	0.53
1.68	0.535
1.675	0.54
1.665	0.545
1.621	0.545
1.582	0.555
1.567	0.565
1.572	0.565
1.577	0.565
1.533	0.565
1.524	0.56
1.519	0.569
1.514	0.569
1.509	0.569
1.499	0.574
1.489	0.569
1.484	0.574
1.494	0.584
1.475	0.594
1.455	0.599
1.445	0.604
1.445	0.604
1.441	0.618
1.436	0.618
1.397	0.618
1.392	0.623
1.392	0.623
1.377	0.623
1.372	0.628
1.392	0.633
1.367	0.633
1.353	0.643
1.328	0.643
1.304	0.648
1.289	0.648
1.26	0.652
1.255	0.652
1.226	0.652
1.206	0.667
1.201	0.677
1.162	0.677
1.138	0.687
1.099	0.691
1.069	0.691
1.069	0.706
1.04	0.716
1.045	0.731
1.026	0.74
1.016	0.755
0.986	0.77
0.957	0.784
0.928	0.799
0.913	0.809
0.933	0.818
0.923	0.833
0.899	0.838
0.903	0.843
0.903	0.848
0.903	0.853
0.884	0.867
0.864	0.867
0.84	0.877
0.801	0.892
0.82	0.897
0.83	0.901
0.796	0.911
0.791	0.911
0.806	0.911
0.767	0.916
0.767	0.926
0.772	0.931
0.742	0.936
0.767	0.936
0.786	0.941
0.776	0.96
0.747	0.97
0.728	0.975
0.718	0.98
0.684	0.984
0.689	0.994
0.669	1.009
0.669	1.019
0.679	1.024
0.64	1.028
0.615	1.033
0.65	1.038
0.65	1.043
0.664	1.053
0.61	1.053
0.62	1.058
0.591	1.063
0.571	1.063
0.532	1.067
0.542	1.077
0.547	1.077
0.557	1.087
0.547	1.092
0.523	1.102
0.513	1.116
0.571	1.126
0.586	1.131
0.62	1.141
0.606	1.15
0.562	1.155
0.576	1.16
0.527	1.17
0.493	1.175
0.498	1.185
0.479	1.199
0.488	1.219
0.523	1.233
0.518	1.238
0.488	1.248
0.449	1.253
0.449	1.248
0.459	1.253
0.464	1.258
0.435	1.268
0.415	1.268
0.41	1.282
0.41	1.292
0.415	1.297
0.361	1.307
0.303	1.316
0.288	1.316
0.274	1.321
0.293	1.331
0.332	1.341
0.244	1.341
0.23	1.356
0.215	1.356
0.264	1.356
0.2	1.365
0.166	1.37
0.191	1.37
0.244	1.375
0.23	1.375
0.151	1.39
0.068	1.399
0.044	1.409
0.044	1.414
0.093	1.419
0.112	1.424
0.205	1.424
0.171	1.439
0.191	1.443
0.117	1.448
0.098	1.453
0.147	1.448
0.059	1.453
0.093	1.458
0.078	1.463
0.049	1.473
0.054	1.473
0.005	1.492
0.005	1.492
0.005	1.502
0.005	1.502
0.005	1.512
0.005	1.512
0.005	1.522
0.005	1.551
0	1.561
0	1.566
0.005	1.575
0.01	1.585
0.015	1.595
0.005	1.605
0.005	1.6
0	1.614
0	1.619
0.005	1.624
0.005	1.624
0.005	1.634
0.005	1.653
0.005	1.663
0.005	1.673
0.005	1.673
0	1.692
0.005	1.702
0.005	1.707
0.005	1.732
0.005	1.746
0.005	1.751
0.005	1.766
0.005	1.775
0.005	1.78
0.005	1.805
0.005	1.819
0	1.815
0.005	1.824
0	1.824
0.005	1.849
0.005	1.844
0.005	1.844
0.005	1.844
0.005	1.858
0.005	1.873
0	1.898
0.005	1.927
0.005	1.932
0.005	1.932
0	1.951
0.005	1.956
0.005	1.927
0.005	1.941
0.005	1.971
0.005	1.971
0.005	1.981
0	1.981
0	1.99
0.005	2.01
0.005	2.034
0.005	2.024
0.005	2.024
0.005	2.054
0.005	2.044
0.005	2.054
0.005	2.088
0.005	2.098
0.005	2.088
0.005	2.112
0.005	2.112
0.005	2.112
0.005	2.137
0.005	2.132
0.005	2.166
0.005	2.176
0	2.176
0.005	2.166
0.005	2.171
0.005	2.171
0.005	2.161
0.005	2.191
0.005	2.21
0.005	2.2
0.005	2.195
0.005	2.215
0	2.225
0.005	2.215
0.005	2.2
0	2.195
0.005	2.205
0	2.22
0.005	2.22
0.005	2.205
0.005	2.205
0	2.147
0	1.99
0.005	2.034
0.005	1.995
0.005	1.883
0.005	1.722
0.005	1.688
0.005	1.727
0.005	1.819
0.005	1.8
0.005	1.761
0.005	1.751
0.005	1.741
0	1.668
0	1.605
0.005	1.668
0.005	1.722
0.005	1.663
0	1.653
0.005	1.507
0.005	1.517
0.005	1.492
0.005	1.644
0.005	1.688
0.005	1.614
0.005	1.775
0.005	1.746
0.005	1.8
0.005	1.741
0.005	1.858
0.005	1.8
0.005	1.829
0.005	1.766
0.005	1.8
0.005	1.81
0.005	1.902
0.005	1.766
0.005	1.966
0.005	2.005
0.005	1.937
0.005	1.976
0.005	2.083
0.005	2.034
0.005	2.073
0.005	2.029
0.005	2.064
0.005	2.078
0.005	1.995
0.005	2.137
0	2.044
0.005	2.039
0.005	2.073
0.005	2.147
0	2.137
0	2.098
0	2.195
0	2.239
0	2.264
0.005	2.264
0	2.239
0	2.239
0.005	2.244
0.005	2.249
0	2.23
0.005	2.234
0.005	2.278
0.005	2.322
0	2.313
0.005	2.332
0.005	2.332
0.005	2.352
0.005	2.342
0	2.376
0.005	2.361
0.005	2.361
0.005	2.264
0.005	2.234
0.005	2.225
0.005	2.073
0	2.234
0.005	2.244
0	2.22
0.005	2.23
0	2.2
0	2.181
0	2.191
0.005	2.191
0.005	2.22
0	2.176
0.005	2.23
0	2.127
0.005	2.2
0.005	2.249
0.005	2.2
0.005	2.278
0.005	2.288
0.005	2.269
0.005	2.274
0.005	2.278
0.005	2.259
0.005	2.23
0.005	2.239
0.005	2.249
0.005	2.254
0.005	2.249
0.005	2.259
0.005	2.259
0.005	2.317
0.005	2.347
0.005	2.361
0.005	2.391
0.005	2.488
0.005	2.513
0.005	2.464
0.005	2.479
0.005	2.493
0.005	2.469
0.005	2.332
0.005	2.288
0.005	2.171
0.005	2.22
0.005	2.244
0.005	2.274
0.005	2.142
0	2.186
0.005	2.093
0.005	2.234
0.005	2.054
0.005	1.976
0.005	1.893
0.005	1.971
0.005	2.107
0.005	2
0.005	2.034
0.005	2.117
0.005	2.156
0.005	2.059
0	2.015
0	1.932
0.005	1.961
0.005	1.878
0.005	1.858
0.005	1.858
0.005	1.805
0.005	1.844
0	1.81
0.005	1.697
0.005	1.673
0.005	1.6
0.005	1.453
0.005	1.312
0.005	1.253
0.005	1.18
0.005	1.009
0.005	0.965
0.005	0.843
0	0.833
0.005	0.701
0.005	0.599
0	0.525
0.005	0.584
0	0.477
0.005	0.325
0.005	0.311
0.005	0.276
0.005	0.223
0	0.228
0.005	0.218
0.005	0.203
0.005	0.169
0.005	0.198
0.005	0.198
0.005	0.218
0.005	0.203
0.005	0.193
0.005	0.169
0.005	0.174
0	0.159
0.005	0.149
0.005	0.149
0.005	0.14
0.005	0.135
0.005	0.13
0.005	0.13
0.005	0.13
0	0.125
0.005	0.13
0	0.13
0.005	0.125
0.005	0.125
0.005	0.115
0.005	0.11
0.005	0.101
0.005	0.091
0.005	0.086
0.005	0.071
0.005	0.076
0	0.062
0.005	0.052
0	0.037
0	0.037
0.005	0.042
0.005	0.032
0.005	0.027
0.005	0.027
0.005	0.032
0.005	0.027
0.005	0.027
0.005	0.027
0.005	0.027
0.005	0.023
0.005	0.032
0.005	0.027
0.005	0.023
0.005	0.023
0.005	0.018
0.005	0.023
0.005	0.023
0.005	0.027
0.005	0.027
0.005	0.023
0.005	0.023
0.005	0.018
0.005	0.018
0.005	0.018
0.005	0.018
0.005	0.018
0.005	0.018
0.005	0.018
0.005	0.018
0.005	0.018
0.005	0.018
0.005	0.018
0.005	0.018
0.005	0.018
0.005	0.018
0.005	0.018
0.005	0.018
0.005	0.018
0.005	0.023
0	0.027
0	0.027
0.005	0.027
0.005	0.027
0.005	0.023
0.005	0.023
0.005	0.023
0.005	0.018
0.005	0.018
0.005	0.018
0.005	0.018
0.005	0.023
0.005	0.023
0.005	0.023
0.005	0.023
0.005	0.023
0.005	0.023
0.005	0.027
0.005	0.027
0	0.018
0	0.018
0	0.018
0.005	0.023
0.005	0.023
0	0.023
0.005	0.023
0.005	0.023
0.005	0.018
0.005	0.018
0	0.018
0.005	0.018
0.005	0.018
0.005	0.023
0.005	0.018
0.005	0.018
0.005	0.018
0.005	0.023
0.005	0.023
0	0.023
0.005	0.023
0.005	0.023
0	0.023
0	0.023
0.005	0.018
0	0.018
0.005	0.018
0.005	0.018
0.005	0.018
0.005	0.018
0.005	0.018
0	0.018
0.005	0.018
0.005	0.018
0.005	0.018
0.005	0.018
0.005	0.023
0.005	0.023
0.005	0.023
0.005	0.023
0.005	0.023
0	0.023
0.005	0.023
0.005	0.023
0.005	0.023
0.005	0.023
0.005	0.023
0.005	0.023
0	0.023
0.005	0.023
0	0.023
0.005	0.023
0.005	0.023
0	0.023
0.005	0.023
0.005	0.023
0.005	0.023
0.005	0.018
0.005	0.023
0.005	0.023
0.005	0.018
0.005	0.018
0.005	0.023
0.005	0.023
0.005	0.023
0.005	0.018
0.005	0.018
0.005	0.018
0.005	0.018
0.005	0.018
0.005	0.018
0.005	0.018
0.005	0.018
0.005	0.018
0.005	0.018
0.005	0.018
0.005	0.018
0.005	0.018
0.005	0.018
0.005	0.018
0.005	0.018
0.005	0.018
0.005	0.018
0.005	0.018
0.005	0.018
0	0.018
0.005	0.018
0	0.018
0.005	0.018
0	0.018
0	0.018
0.005	0.018
0.005	0.018
0	0.018
0.005	0.018
0.005	0.018
0.005	0.018
0.005	0.018
0.005	0.018
0	0.018
0.005	0.018
0	0.018
0.005	0.018
0	0.018
0.005	0.018
0.005	0.018
0.005	0.018
0	0.018
0.005	0.018
0.005	0.018
0	0.018
0.005	0.018
0.005	0.018
0.005	0.018
0.005	0.018
0	0.018
0.005	0.018
0.005	0.018
0.005	0.018
0.005	0.018
0.005	0.023
0.005	0.023
0.005	0.023
0.005	0.023
0.005	0.023
0	0.018
0.005	0.023
0.005	0.023
0.005	0.023
0	0.023
0.005	0.018
0.005	0.018
0.005	0.018
0.005	0.023
0.005	0.018
0.005	0.018
0	0.023
0.005	0.023
0.005	0.023
0.005	0.023
0	0.023
0.005	0.023
0	0.023
0	0.023
0	0.023
0	0.023
0	0.023
0.005	0.023
0	0.023
0.005	0.023
0.005	0.023
0	0.018
0.005	0.018
0.005	0.023
0.005	0.023
0.005	0.023
0.005	0.023
0.005	0.023
0.005	0.023
0.005	0.023
0.005	0.023
0.005	0.023
0.005	0.023
0.005	0.023
0	0.023
0.005	0.023
0.005	0.023
0.005	0.023
0	0.023
0.005	0.023
0.005	0.023
0	0.023
0.005	0.023
0.005	0.023
0.005	0.023
0.005	0.023
0	0.023
0.005	0.023
0.005	0.023
0.005	0.023
0.005	0.023
0.005	0.023
0.005	0.023
0.005	0.023
0	0.023
0	0.023
0.005	0.023
0.005	0.023
0.005	0.023
0.005	0.023
0	0.023
0	0.023
0	0.023
0.005	0.023
0	0.023
0.005	0.023
0.005	0.023
0.005	0.023
0.005	0.023
0.005	0.023
0	0.023
0.005	0.023
0.005	0.023
0.005	0.023
0.005	0.023
0.005	0.023
0.005	0.023
0.005	0.023
0.005	0.023
0.005	0.023
0.005	0.023
0.005	0.023
0.005	0.023
0.005	0.023
0.005	0.023
0.005	0.023
0.005	0.023
0.005	0.023
0.005	0.023
0.005	0.023
0.005	0.023
0.005	0.023
0.005	0.023
0.005	0.023
0.005	0.023
0.005	0.023
0.005	0.023
0.005	0.023
0.005	0.023
0.005	0.018
0.005	0.023
0.005	0.018
0.005	0.018
0.005	0.018
0	0.018
0.005	0.018
0.005	0.018
0.005	0.023
0.005	0.018
0.005	0.018
0.005	0.018
0.005	0.018
0.005	0.018
0.005	0.023
0.005	0.018
0	0.018
0.005	0.018
0.005	0.018
0.005	0.018
0.005	0.018
0.005	0.018
0.005	0.018
0.005	0.018
0.005	0.018
0.005	0.018
0.005	0.018
0.005	0.018
0.005	0.018
0.005	0.018
0.005	0.018
0.005	0.018
0.005	0.018
0.005	0.018
0.005	0.018
0.005	0.018
0.005	0.018
0.005	0.018
0	0.018
0.005	0.018
0.005	0.018
0	0.018
0.005	0.013
0.005	0.013
0.005	0.018
0.005	0.013
0.005	0.018
0.005	0.018
0.005	0.018
0.005	0.018
0.005	0.018
0.005	0.018
0	0.018
0.005	0.018
0.005	0.018
0.005	0.018
0.005	0.013
0.005	0.013
0.005	0.013
0.005	0.013
0	0.013
0.005	0.013
0.005	0.013
0.005	0.013
0.005	0.013
0.005	0.013
0.005	0.018
0	0.018
0.005	0.018
0.005	0.018
