0.005
0.005
0.005
0.005
0.005
0.005
0.005
0
0
0.005
0.005
0.005
0.005
0.005
0.005
0.005
0.005
0.005
0.005
0.005
0.005
0.005
0.005
0.005
0.005
0.005
0.005
0
0.005
0.005
0
0
0.005
0.005
0.005
0
0.005
0.005
0.005
0.005
0.005
0.005
0.005
0.005
0.005
0.005
0.005
0.005
0.005
0.005
0.005
0.005
0.005
0
0.005
0.005
0.005
0.005
0.005
0.005
0.005
0.005
0.005
0.005
0.005
0.005
0.005
0.005
0.005
0.005
0.005
0
0.005
0
0.005
0.005
0.005
0.005
0.005
0.005
0.005
0.005
0.005
0.005
0.005
0.005
0.005
0.005
0
0.005
0.005
0.005
0.005
0.005
0.005
0.005
0.005
0.005
0
0.005
0.005
0.005
0.005
0.005
0.005
0.005
0.005
0.005
0
0
0.005
0
0
0.005
0.005
0.005
0.005
0
0
0.005
0.005
0.005
0.005
0.005
0.005
0.005
0.005
0.005
0
0.005
0
0.005
0.005
0
0
0
0.005
0.005
0.005
0.005
0
0.005
0.005
0.005
0.005
0.005
0.005
0.005
0.005
0.005
0.005
0.005
0.005
0.005
0.005
0.005
0.005
0.005
0.005
0
0.005
0.005
0.005
0
0.005
0.005
0.005
0.005
0.005
0.005
0.005
0.005
0.005
0.005
0
0.005
0.005
0
0.005
0.005
0
0.005
0.005
0.005
0.005
0.005
0.005
0.005
0.005
0.005
0.005
0
0
0
0.005
0.005
0.005
0
0.005
0.005
0.005
0.005
0.005
0.005
0.005
0.005
0.005
0.005
0.005
0.005
0.005
0
0.005
0.005
0
0.005
0.005
0.005
0.005
0.005
0.005
0.005
0.005
0
0.005
0.005
0.005
0.005
0.005
0.005
0.005
0.005
0.005
0.005
0
0.005
0.005
0.005
0.005
0.005
0.005
0.005
0
0.005
0.005
0.005
0
0.005
0.005
0.005
0.005
0.005
0.005
0.005
0
0.005
0
0
0.005
0.005
0.005
0.005
0.005
0.005
0
0.005
0.005
0
0.005
0.005
0.005
0.005
0.005
0
0
0.005
0.005
0.005
0.005
0.005
0.005
0.005
0.005
0.005
0.005
0.005
0.005
0.005
0.005
0.005
0.005
0.005
0.005
0.005
0.005
0.005
0.005
0.005
0.005
0.005
0.005
0.005
0.005
0.005
0
0.005
0.005
0.005
0.005
0.005
0.005
0.005
0.005
0.005
0.005
0
0
0.005
0.005
0.005
0.005
0
0.005
0.005
0.005
0.005
0.005
0.005
0.005
0.005
0.005
0.005
0.005
0.005
0.005
0.005
0
0.005
0.005
0.005
0.005
0.005
0.005
0.005
0.005
0.005
0.02
0.029
0.029
0.049
0.049
0.044
0.054
0.059
0.078
0.073
0.137
0.147
0.166
0.156
0.186
0.2
0.2
0.205
0.21
0.21
0.21
0.21
0.21
0.215
0.215
0.22
0.22
0.234
0.244
0.249
0.249
0.239
0.239
0.239
0.239
0.234
0.234
0.23
0.249
0.254
0.249
0.234
0.23
0.259
0.259
0.254
0.254
0.264
0.264
0.264
0.264
0.264
0.269
0.269
0.264
0.259
0.264
0.264
0.264
0.264
0.274
0.278
0.278
0.283
0.293
0.303
0.313
0.322
0.298
0.322
0.317
0.317
0.337
0.352
0.391
0.386
0.376
0.396
0.401
0.405
0.454
0.469
0.474
0.464
0.459
0.474
0.488
0.484
0.488
0.493
0.488
0.513
0.527
0.547
0.562
0.562
0.586
0.601
0.606
0.615
0.645
0.654
0.654
0.659
0.664
0.674
0.689
0.703
0.703
0.703
0.718
0.723
0.723
0.737
0.757
0.767
0.776
0.791
0.801
0.82
0.825
0.816
0.816
0.816
0.811
0.816
0.806
0.806
0.806
0.84
0.869
0.869
0.894
0.933
0.928
0.952
0.933
0.947
0.947
0.928
1.021
1.05
1.04
1.06
1.069
1.069
1.079
1.079
1.099
1.094
1.099
1.099
1.079
1.084
1.074
1.079
1.069
1.069
1.074
1.079
1.065
1.065
1.06
1.055
1.05
1.045
1.045
1.045
1.045
1.045
1.045
1.045
1.045
1.05
1.05
1.05
1.05
1.05
1.06
1.084
1.084
1.084
1.084
1.084
1.089
1.084
1.089
1.089
1.094
1.089
1.094
1.099
1.094
1.099
1.094
1.099
1.099
1.099
1.094
1.094
1.094
1.109
1.109
1.113
1.109
1.109
1.123
1.123
1.123
1.138
1.128
1.123
1.123
1.128
1.123
1.123
1.128
1.128
1.138
1.138
1.143
1.143
1.143
1.138
1.133
1.143
1.148
1.143
1.148
1.157
1.157
1.172
1.162
1.177
1.177
1.172
1.177
1.187
1.182
1.182
1.182
1.182
1.177
1.177
1.177
1.167
1.167
1.152
1.152
1.157
1.148
1.148
1.148
1.143
1.138
1.143
1.138
1.138
1.123
1.123
1.084
1.021
1.026
1.006
1.006
0.991
0.977
0.977
0.967
0.977
0.947
0.947
0.947
0.967
0.967
0.962
0.962
0.967
0.957
0.942
0.933
0.928
0.918
0.899
0.913
0.913
0.908
0.894
0.889
0.903
0.913
0.918
0.918
0.918
0.918
0.918
0.903
0.899
0.879
0.864
0.869
0.869
0.859
0.855
0.845
0.84
0.825
0.816
0.82
0.811
0.796
0.796
0.801
0.796
0.781
0.781
0.781
0.791
0.772
0.742
0.723
0.718
0.713
0.703
0.703
0.689
0.689
0.659
0.64
0.64
0.645
0.65
0.65
0.65
0.64
0.63
0.625
0.63
0.64
0.64
0.625
0.62
0.61
0.586
0.571
0.552
0.532
0.484
0.479
0.43
0.43
0.425
0.41
0.415
0.391
0.405
0.415
0.386
0.386
0.357
0.347
0.327
0.293
0.283
0.298
0.303
0.337
0.298
0.283
0.264
0.254
0.254
0.239
0.22
0.249
0.225
0.225
0.195
0.191
0.181
0.166
0.156
0.103
0.103
0.073
0.044
0.044
0.034
0.039
0.064
0.015
0.015
0.039
0
0.005
0.005
0.005
0.005
0.005
0.005
0.005
0.005
0
0.005
0.005
0.005
0.005
0.005
0.005
0.005
0.005
0.005
0.005
0.005
0.005
0
0.005
0.005
0.005
0.005
0.005
0.005
0.005
0
0.005
0.005
0.005
0.005
0.005
0.005
0.005
0.005
0.005
0
0.005
0
0.005
0
0
0.005
0.005
0.005
0
0.005
0.005
0.005
0.005
0.005
0.005
0.005
0
0.005
0.005
0.005
0
0.005
0.005
0.005
0.005
0.005
0.005
0.005
0.005
0
0
0.005
0
0
0.005
0.005
0.005
0.005
0
0.005
0.005
0.005
0
0.005
0.005
0.005
0.005
0.005
0.005
0.005
0.005
0
0.005
0.005
0.005
0.005
0.005
0.005
0.005
0
0.005
0
0
0
0.005
0.005
0.005
0.005
0.005
0.005
0
0.005
0.005
0
0.005
0.005
0.005
0.005
0.005
0.005
0.005
0.005
0.005
0.005
0
0.005
0.005
0.005
0.005
0.005
0.005
0
0.005
0
0
0.005
0
0.005
0.005
0.005
0.005
0.005
0
0.005
0
0.005
0.005
0.005
0.005
0.005
0.005
0.005
0.005
0.005
0.005
0.005
0.005
0.005
0
0.005
0.005
0.005
0.005
0
0
0
0.005
0.005
0.005
0
0.005
0
0.005
0.005
0.005
0.005
0.005
0.005
0.005
0.005
0
0.005
0
0.005
0.005
0
0
0.005
0.005
0.005
0.005
0.005
0.005
0.005
0.005
0.005
0.005
0.005
0.005
0.005
0.005
0.005
0.005
0.005
0.005
0
0.005
0
0.005
0
0.005
0.005
0.005
0
0.005
0.005
0.005
0.005
0.005
0
0.005
0.005
0.005
0
0
0.005
0
0
0.005
0.005
0
0.005
0.005
0.005
0.005
0.005
0.005
0.005
0.005
0.005
0.005
0.005
0.005
0.005
0.005
0
0.005
0.005
0.005
0.005
0.005
0.005
0.005
0.005
0.005
0
0
0.005
0.005
0.005
0.005
0.005
0.005
0.005
0
0
0.005
0.005
0.005
0.005
0.005
0.005
0.005
0.005
0.005
0.005
0.005
0.005
0.005
0.005
0.005
0.005
0.005
0.005
0.005
0
0
0
0.005
0.005
0.005
0.005
0.005
0.005
0.005
0
0
0.005
0.005
0.005
0.005
0.005
0.005
0.005
0.005
0.005
0.005
0
0.005
0.005
0.005
0
0.005
0.005
0.005
0.005
0.005
0.005
0.005
0.005
0.005
0.005
0.005
0.005
0.005
0.005
0.005
0
0.005
0
0.005
0.005
0.005
0.005
0.005
0.005
0
0.005
0.005
0.005
0.005
0.005
0
0.005
0.005
0.005
0.005
0.005
0.005
0.005
0.005
0.005
0.005
0.005
0.005
0.005
0.005
0.005
0.005
0
0.005
0.005
0.005
0.005
0.005
0.005
0.005
0.005
0.005
0.005
0.005
0.005
0.005
0.005
0
0.005
0.005
0.005
0
0.005
0.005
0
0.005
0.005
0.005
0.005
0.005
0
0.005
0
0
0.005
0
0.005
0.005
0.005
0.005
0.005
0
0.005
0.005
0.005
0.005
0.005
0.005
0.005
0.005
0.005
0.005
0
0.005
0.005
0.005
0.005
0.005
0.005
0.005
0
0.005
0.005
0.005
0.005
0.005
0.005
0.005
0.005
0.005
0.005
0.005
0.005
0.005
0.005
0.005
0.005
0.005
0
0.005
0.005
0.005
0.005
0.005
0.005
0.005
0.005
0.005
0.005
0.005
0.005
0
0.005
0
0
0.005
0.005
0.005
0.005
0
0.005
0.005
0
0
0.005
0
0
0.005
0
0.005
0.005
0.005
0.005
0
0.005
0.005
0
0.005
0
0.005
0.005
0.005
0.005
0.005
0.005
0
0.005
0.005
0.005
0.005
0.005
0.005
0.005
0
0
0.005
0
0.005
0.005
0.005
0.005
0.005
0
0.005
0.005
0.005
0.005
0.005
0.005
0.005
0.005
0.005
0.005
0.005
0.005
0
0
0.005
0
0.005
0.005
0.005
0.005
0.005
0.005
0.005
0.005
0.005
0.005
0.005
0.005
0.005
0
0.005
0.005
0.005
0.005
0.005
0.005
0.005
0.005
0.005
0.005
0.005
0
0.005
0.005
0.005
0.005
0.005
0.005
0.005
0.005
0.005
0
0
0.005
0.005
0.005
0.005
0.005
0
0.005
0.005
0.005
0.005
0.005
0
0.005
0.005
0.005
0.005
0
0
0
0.005
0
0.005
0.005
0.005
0
0.005
0.005
0.005
0.005
0.005
0.005
0.005
0.005
0.005
0.005
0.005
0.005
0.005
0.005
0
0.005
0.005
0.005
0.005
0.005
0.005
0.005
0.005
0.005
0.005
0.005
0.005
0.005
0.005
0.005
0.005
0.005
0.005
0.005
0.005
0.005
0.005
0
0
0
0.005
0.005
0.005
0.005
0.005
0.005
0.005
0.005
0.005
0.005
0.005
0.005
0.005
0
0.005
0.005
0.005
0.005
0
0.005
0.005
0.005
0.005
0.005
0.005
0.005
0.005
0.005
0.005
0.005
0.005
0.005
0.005
0.005
0.005
0
0.005
0
0.005
0.005
0.005
0.005
0
0.005
0.005
0.005
0.005
0.005
0.005
0
0.005
0.005
0.005
0.005
0.005
0.005
0.005
0.005
0
0
0.005
0.005
0.005
0.005
0.005
0.005
0.005
0.005
0.005
0.005
0.005
0.005
0.005
0.005
0
0.005
0
0.005
0.005
0.005
0.005
0.005
0.005
0.005
0.005
0.005
0.005
0.005
0.005
0.005
0.005
0
0.005
0.005
0.005
0.005
0.005
0.005
0.005
0.005
0.005
0.005
0.005
0.005
0.005
0.005
0.005
0.005
0
0.005
0
0.005
0.005
0
0.005
0.059
0.2
0.366
0.659
0.947
1.235
1.362
1.455
1.533
1.587
1.592
1.577
1.553
1.543
1.558
1.524
1.484
1.47
1.392
1.431
1.411
1.45
1.48
1.421
1.367
1.436
1.431
1.504
1.558
1.504
1.387
1.323
1.309
1.382
1.377
1.382
1.397
1.372
1.328
1.358
1.367
1.377
1.299
1.284
1.284
1.284
1.265
1.294
1.289
1.309
1.299
1.275
1.318
1.26
1.26
1.172
1.235
1.275
1.182
1.294
1.294
1.279
1.343
1.382
1.362
1.377
1.362
1.406
1.401
1.421
1.509
1.519
1.455
1.46
1.47
1.494
1.582
1.553
1.646
1.646
1.646
1.655
1.685
1.685
1.704
1.704
1.709
1.724
1.763
1.802
1.856
1.885
1.895
1.895
1.909
1.943
1.943
1.943
1.939
1.934
1.953
1.963
1.958
1.963
1.973
1.978
1.973
1.987
1.953
1.953
1.958
1.953
1.948
1.943
1.929
1.939
1.943
1.939
1.963
1.968
1.968
1.948
1.948
1.948
1.958
1.963
1.968
1.973
1.968
1.968
1.983
1.983
1.973
1.983
1.987
1.987
1.987
1.983
1.983
1.978
1.973
1.958
1.953
1.943
1.953
1.948
1.963
1.978
1.978
1.978
1.968
1.968
1.948
1.943
1.939
1.924
1.929
1.909
1.904
1.9
1.904
1.904
1.885
1.87
1.87
1.86
1.846
1.812
1.787
1.777
1.763
1.768
1.763
1.753
1.753
1.748
1.724
1.724
1.738
1.729
1.699
1.69
1.665
1.641
1.631
1.646
1.636
1.607
1.602
1.587
1.563
1.528
1.504
1.489
1.475
1.431
1.406
1.392
1.367
1.323
1.333
1.27
1.255
1.231
1.206
1.148
1.128
1.109
1.079
1.065
1.06
1.074
1.084
1.094
1.089
1.065
1.026
1.016
1.045
0.986
0.967
0.938
0.928
0.918
0.903
0.879
0.869
0.845
0.806
0.772
0.762
0.713
0.742
0.708
0.664
0.654
0.62
0.606
0.601
0.576
0.542
0.562
0.523
0.508
0.542
0.542
0.537
0.537
0.488
0.474
0.459
0.401
0.401
0.401
0.376
0.288
0.283
0.191
0.181
0.171
0.166
0.161
0.132
0.117
0.093
0.068
0.088
0.073
0.093
0.093
0.068
0.083
0.088
0.142
0.093
0.064
0.059
0.054
0.064
0.025
0.029
0.029
0.02
0.064
0.078
0.078
0.068
0.054
0.112
0.166
0.112
0.054
0.068
0.049
0.034
0.005
0.02
0.02
0.02
0.005
0.005
0.005
0.005
0
0.005
0.005
0.005
0.005
0.005
0
0.005
0.005
0.005
0.005
0.005
0
0.005
0.005
0.005
0.005
0.005
0.005
0.005
0.005
0.005
0.005
0
0.005
0.005
0.005
0.005
0.005
0.005
0.005
0.005
0.005
0.005
0
0.005
0.005
0.005
0.005
0.005
0.005
0.005
0.005
0.005
0.005
0.005
0.005
0.005
0.005
0
0.005
0.005
0.005
0.005
0.005
0.005
0.005
0.005
0.005
0.005
0
0.005
0.005
0.005
0.005
0.005
0.005
0
0.005
0.005
0.005
0.005
0.005
0.005
0.005
0.005
0.005
0
0.005
0.005
0.005
0.005
0.005
0.005
0.005
0
0.005
0.005
0.005
0.005
0.005
0.005
0
0.005
0
0.005
0.005
0.005
0.005
0
0.005
0.005
0.005
0.005
0.005
0.005
0.005
0.005
0.005
0.005
0.005
0.005
0.005
0
0
0.005
0.005
0.005
0.005
0.005
0.005
0.005
0.005
0
0.005
0
0.005
0.005
0.005
0.005
0.005
0.005
0.005
0.005
0.005
0.005
0.005
0.005
0.005
0.005
0
0.005
0.005
0.005
0.005
0.005
0.005
0
0
0
0.005
0.005
0.005
0.005
0.005
0.005
0.005
0.005
0.005
0.005
0.005
0.005
0.005
0.005
0.005
0.005
0.005
0.005
0
0
0.005
0.005
0.005
0.005
0
0.005
0.005
0.005
0.005
0.005
0
0.005
0.005
0.005
0.005
0.005
0
0.005
0.005
0.005
0.005
0.005
0.005
0.005
0.005
0.005
0
0.005
0.005
0
0.005
0.005
0.005
0.005
0.005
0
0.005
0.005
0.005
0.005
0
0.005
0.005
0
0.005
0.005
0.005
0.005
0
0.005
0.005
0.005
0.005
0.005
0.005
0
0.005
0.005
0.005
0
0.005
0.005
0.005
0.005
0.005
0.005
0.005
0.005
0.005
0.005
0.005
0.005
0.005
0.005
0.005
0.005
0.005
0.005
0
0.005
0.005
0.005
0.005
0.005
0.005
0.005
0
0.005
0.005
0.005
0.005
0.005
0.005
0.005
0.005
0.005
0
0.005
0.005
0
0.005
0.005
0.005
0.005
0.005
0.005
0.005
0
0.005
0
0.005
0.005
0.005
0.005
0.005
0.005
0.005
0.005
0.005
0.005
0.005
0.005
0
0.005
0.005
0.005
0.005
0.005
0.005
0.005
0
0.005
0.005
0.005
0.005
0.005
0.005
0.005
0.005
0
0
0
0.005
0
0.005
0.005
0.005
0.005
0.005
0.005
0.005
0.005
0.005
0.005
0.005
0.005
0.005
0.005
0.005
0.005
0.005
0.005
0.005
0.005
0.005
0.005
0.005
0.005
0.005
0.005
0.005
0.005
0.005
0.005
0.005
0.005
0.005
0.005
0.005
0.005
0.005
0.005
0.005
0.005
0
0.005
0.005
0.005
0.005
0.005
0.005
0.005
0.005
0.005
0.005
0.005
0.005
0.005
0.005
0.005
0
0.005
0.005
0
0
0.005
0.005
0.005
0.005
0.005
0.005
0.005
0.005
0.005
0.005
0.005
0.005
0.005
0.005
0.005
0.005
0.005
0.005
0.005
0.005
0
0.005
0.005
0.005
0.005
0.005
0.005
0.005
0.005
0.005
0.005
0.005
0
0.005
0.005
0
0.005
0
0
0
0.005
0.005
0
0
0.005
0.005
0.005
0.005
0.005
0.005
0.005
0.005
0.005
0.005
0.005
0.005
0.005
0.005
0
0.005
0.005
0.005
0.005
0.005
0
0.005
0.005
0.005
0.005
0.005
0.005
0.005
0.005
0.005
0.005
0
0.005
0
0.005
0.005
0.005
0.005
0.005
0
0.005
0.005
0.005
0.005
0
0
0.005
0.005
0.005
0.005
0.005
0.005
0.005
0
0.005
0.005
0.005
0.005
0.005
0
0.005
0.005
0.005
0.005
0.005
0.005
0
0.005
0.005
0.005
0.005
0.005
0.005
0.005
0.005
0
0
0.005
0.005
0.005
0.005
0
0.005
0.005
0
0
0.005
0.005
0.005
0.005
0.005
0.005
0.005
0.005
0.005
0.005
0.005
0
0.005
0.005
0.005
0.005
0.005
0
0.005
0.005
0.005
0.005
0.005
0.005
0.005
0.005
0.005
0.005
0.005
0.005
0.005
0
0
0.005
0.005
0.005
0.005
0
0.005
0.005
0.005
0.005
0.005
0.005
0.005
0.005
0.005
0
0.005
0.005
0
0.005
0.005
0.005
0.005
0
0.005
0.005
0.005
0.005
0.005
0.005
0.005
0.005
0.005
0.005
0.005
0.005
0.005
0.005
0
0.005
0.005
0
0
0.005
0.005
0.005
0.005
0.005
0.005
0.005
0.005
0.005
0.005
0.005
0.005
0.005
0.005
0.005
0.005
0
0.005
0
0.005
0.005
0.005
0.005
0.005
0.005
0.005
0.005
0.005
0.005
0.005
0.005
0.005
0.005
0.005
0.005
0.005
0
0.005
0.005
0.005
0
0.005
0.005
0.005
0.005
0.005
0.005
0.005
0.005
0.005
0.005
0.005
0.005
0.005
0.005
0
0.005
0.005
0.005
0.005
0
0
0
0.005
0.005
0.005
0.005
0.005
0.005
0.005
0.005
0.005
0.005
0.005
0.005
0.005
0
0
0.005
0.005
0.005
0.005
0.005
0.005
0.005
0.005
0.005
0.005
0.005
0.005
0.005
0.005
0.005
0.005
0
0
0.005
0.005
0
0.005
0
0.005
0.005
0.005
0.005
0.005
0.005
0.005
0.005
0.005
0.005
0.005
0.005
0.005
0.005
0.005
0.005
0.005
0
0.005
0.005
0
0.005
0.005
0.005
0.005
0.005
0.005
0.005
0.005
0.005
0.005
0.005
0.005
0.005
0.015
0.103
0.259
0.474
0.654
0.879
1.065
1.157
1.26
1.289
1.275
1.294
1.299
1.275
1.25
1.255
1.25
1.231
1.187
1.138
1.177
1.187
1.187
1.182
1.196
1.206
1.211
1.206
1.24
1.245
1.221
1.216
1.196
1.172
1.113
1.109
1.123
1.128
1.04
1.011
1.016
1.001
1.001
1.06
1.035
0.977
1.001
1.045
1.035
1.006
1.045
1.157
1.177
1.177
1.221
1.231
1.25
1.299
1.309
1.397
1.46
1.47
1.48
1.484
1.489
1.509
1.528
1.533
1.514
1.528
1.567
1.577
1.597
1.607
1.592
1.631
1.641
1.68
1.651
1.621
1.651
1.636
1.665
1.66
1.68
1.69
1.704
1.714
1.719
1.743
1.743
1.753
1.758
1.768
1.773
1.773
1.773
1.777
1.787
1.787
1.792
1.792
1.797
1.792
1.807
1.817
1.812
1.817
1.817
1.826
1.831
1.836
1.831
1.831
1.826
1.836
1.841
1.846
1.856
1.865
1.86
1.865
1.87
1.865
1.86
1.865
1.865
1.865
1.9
1.895
1.89
1.89
1.895
1.895
1.9
1.909
1.904
1.914
1.919
1.919
1.914
1.914
1.904
1.909
1.909
1.909
1.904
1.9
1.895
1.89
1.875
1.86
1.846
1.841
1.831
1.821
1.812
1.792
1.787
1.826
1.817
1.797
1.787
1.773
1.753
1.724
1.714
1.709
1.704
1.67
1.665
1.665
1.655
1.641
1.626
1.636
1.621
1.611
1.616
1.592
1.572
1.577
1.553
1.543
1.519
1.538
1.533
1.543
1.543
1.543
1.533
1.465
1.436
1.392
1.367
1.392
1.362
1.372
1.323
1.304
1.255
1.226
1.123
1.089
1.069
1.045
0.996
0.996
0.972
0.957
0.913
0.908
0.884
0.864
0.82
0.767
0.703
0.689
0.693
0.664
0.669
0.654
0.713
0.703
0.698
0.659
0.615
0.518
0.444
0.42
0.376
0.21
0.156
0.195
0.195
0.191
0.21
0.054
0.117
0.093
0.147
0.093
0.059
0.068
0.044
0.039
0.015
0.005
0.005
0
0.005
0
0.005
0
0.005
0.005
0.005
0
0.005
0.005
0.005
0.005
0.005
0.005
0.005
0.005
0.005
0.005
0.005
0.005
0.005
0.005
0.005
0.005
0.005
0
0
0.005
0.005
0.005
0.005
0.005
0.005
0.005
0.005
0.005
0.005
0.005
0.005
0.005
0
0.005
0.005
0
0.005
0.005
0.005
0.005
0.005
0.005
0.005
0
0.005
0.005
0.005
0.005
0
0.005
0
0.005
0
0.005
0
0.005
0
0.005
0
0.005
0.005
0.005
0
0.005
0.005
0.005
0.005
0.005
0.005
0.005
0.005
0.005
0.005
0.005
0.005
0.005
0.005
0.005
0.005
0.005
0.005
0
0.005
0.005
0.005
0.005
0.005
0.005
0.005
0
0.005
0.005
0
0.005
0.005
0
0.005
0.005
0
0.005
0.005
0.005
0.005
0.005
0.005
0.005
0.005
0.005
0.005
0.005
0.005
0.005
0.005
0.005
0.005
0
0.005
0.005
0.005
0.005
0.005
0.005
0.005
0.005
0.005
0.005
0.005
0.005
0.005
0.005
0.005
0.005
0.005
0.005
0.005
0
0
0
0.005
0.005
0.005
0.005
0.005
0.005
0.005
0.005
0
0.005
0.005
0.005
0.005
0.005
0.005
0.005
0
0.005
0
0.005
0.005
0.005
0.005
0.005
0.005
0.005
0.005
0.005
0.005
0.005
0.005
0.005
0.005
0.005
0.005
0.005
0.005
0.005
0
0.005
0.005
0.005
0.005
0.005
0.005
0.005
0.005
0.005
0.005
0.005
0.005
0.005
0.005
0.005
0.005
0
0.005
0.005
0.005
0.005
0.005
0.005
0.005
0.005
0.005
0.005
0.005
0.005
0.005
0.005
0.005
0.005
0
0.005
0.005
0.005
0.005
0.005
0
0
0.005
0.005
0.005
0.005
0
0.005
0.005
0.005
0.005
0.005
0.005
0.005
0.005
0.005
0
0.005
0.005
0.005
0.005
0.005
0
0.005
0
0.005
0.005
0
0.005
0.005
0.005
0
0.005
0.005
0.005
0.005
0.005
0.005
0.005
0.005
0
0.005
0.005
0.005
0.005
0.005
0.005
0.005
0.005
0.005
0.005
0.005
0.005
0.005
0.005
0.005
0.005
0.005
0
0
0.005
0.005
0
0.005
0
0.005
0.005
0.005
0.005
0.005
0.005
0.005
0.005
0.005
0.005
0
0.005
0.005
0.005
0.005
0.005
0.005
0
0.005
0.005
0.005
0.005
0.005
0.005
0.005
0.005
0.005
0.005
0.005
0.005
0.005
0.005
0.005
0.005
0.005
0.005
0
0
0
0.005
0.005
0.005
0.005
0.005
0.005
0.005
0.005
0
0.005
0.005
0.005
0.005
0.005
0.005
0.005
0.005
0.005
0.005
0
0.005
0.005
0.005
0.005
0.005
0.005
0.005
0.005
0.005
0.005
0.005
0
0.005
0
0.005
0.005
0.005
0.005
0
0
0
0.005
0.005
0.005
0.005
0.005
0
0
0.005
0.005
0.005
0.005
0.005
0.005
0.005
0.005
0
0.005
0
0.005
0.005
0.005
0.005
0.005
0.005
0.005
0.005
0.005
0.005
0.005
0.005
0.005
0.005
0.005
0.005
0.005
0
0.005
0.005
0.005
0.005
0.005
0.005
0.005
0
0.005
0.005
0.005
0.005
0.005
0.005
0.005
0.005
0.005
0.005
0.005
0.005
0.005
0.005
0.005
0.005
0.005
0
0.005
0.005
0.005
0.005
0.005
0.005
0.005
0.005
0.005
0
0.005
0
0
0.005
0.005
0.005
0
0.005
0.005
0.005
0.005
0.005
0.005
0.005
0.005
0.005
0.005
0.005
0.005
0
0.005
0.005
0.005
0.005
0.005
0.005
0.005
0.005
0.005
0.005
0.005
0.005
0.005
0.005
0.005
0.005
0.005
0.005
0.005
0.005
0.005
0.005
0.005
0.005
0.005
0.005
0.005
0.005
0.005
0
0.005
0.005
0.005
0.005
0.005
0.005
0.005
0.005
0.005
0.005
0.005
0.005
0.005
0
0.005
0.005
0.005
0.005
0.005
0.005
0.005
0.005
0.005
0.005
0
0
0.005
0.005
0.005
0
0.005
0.005
0.005
0
0.005
0
0.005
0.005
0.005
0.005
0.005
0
0.005
0
0.005
0.005
0.005
0.005
0.005
0.005
0.005
0.005
0.005
0.005
0
0.005
0.005
0.005
0.005
0.005
0.005
0.005
0.005
0.005
0.005
0.005
0.005
0.005
0.005
0.005
0.005
0
0
0.005
0.005
0.005
0.005
0.005
0.005
0.005
0.005
0.005
0
0.005
0
0
0.005
0.005
0.005
0.005
0.005
0.005
0.005
0.005
0.005
0.005
0.005
0
0
0
0.005
0.005
0.005
0
0.005
0.005
0.005
0
0.005
0.005
0
0
0
0.005
0.005
0.005
0.005
0
0
0.005
0.005
0.005
0.005
0.005
0.005
0.005
0.005
0.005
0.005
0.005
0.005
0.005
0
0
0.005
0.005
0.005
0.005
0
0.005
0
0
0.005
0.005
0.005
0.005
0
0.005
0.005
0.005
0.005
0.005
0.005
0.005
0.005
0.005
0.005
0.005
0.005
0.005
0.005
0.005
0.005
0.005
0.005
0.005
0.005
0
0.005
0.005
0.005
0.005
0.005
0.005
0.005
0.005
0
0.005
0.005
0.005
0
0.005
0.005
0
0.005
0.005
0.005
0.005
0
0.005
0.005
0.005
0.005
0.005
0.005
0.005
0.005
0.005
0
0.005
0
0.005
0.005
0.005
0.005
0.005
0.005
0.005
0.005
0.005
0
0.005
0.005
0.005
0.005
0.005
0.005
0.005
0
0.005
0.005
0.005
0.005
0.005
0.005
0.005
0.005
0.005
0.005
0.005
0.005
0.005
0.005
0.005
0.005
0.005
0.005
0.005
0.005
0.005
0
0.005
0.005
0.005
0.005
0.005
0
0.005
0.005
0
0
0.005
0.005
0.005
0.005
0.005
0.005
0.005
0.005
0.005
0
0.005
0.005
0.005
0.005
0.005
0.005
0.005
0
0
0.005
0.005
0.005
0.005
0
0.005
0.005
0.005
0
0.005
0.005
0.005
0.005
0.005
0.064
0.249
0.547
0.859
1.084
1.265
1.362
1.46
1.543
1.494
1.519
1.509
1.47
1.445
1.45
1.46
1.46
1.445
1.382
1.338
1.362
1.362
1.348
1.397
1.436
1.45
1.416
1.338
1.372
1.465
1.489
1.48
1.445
1.372
1.343
1.304
1.323
1.304
1.372
1.377
1.372
1.333
1.397
1.421
1.421
1.475
1.328
1.24
1.27
1.397
1.441
1.416
1.465
1.455
1.47
1.504
1.445
1.387
1.45
1.494
1.377
1.323
1.362
1.348
1.358
1.372
1.475
1.426
1.338
1.372
1.392
1.358
1.338
1.372
1.416
1.333
1.47
1.533
1.514
1.543
1.509
1.475
1.441
1.48
1.436
1.509
1.567
1.607
1.621
1.611
1.641
1.636
1.655
1.694
1.68
1.685
1.694
1.699
1.714
1.719
1.758
1.768
1.763
1.773
1.777
1.802
1.812
1.826
1.865
1.87
1.875
1.875
1.87
1.875
1.87
1.875
1.875
1.89
1.9
1.904
1.904
1.909
1.909
1.909
1.919
1.924
1.939
1.939
1.943
1.948
1.943
1.934
1.939
1.89
1.885
1.885
1.875
1.89
1.885
1.885
1.885
1.89
1.895
1.895
1.9
1.895
1.89
1.89
1.89
1.88
1.885
1.895
1.909
1.939
1.934
1.929
1.943
1.939
1.948
1.934
1.934
1.934
1.948
1.939
1.939
1.934
1.943
1.904
1.89
1.89
1.89
1.895
1.89
1.89
1.89
1.895
1.895
1.89
1.89
1.89
1.89
1.88
1.88
1.875
1.865
1.86
1.851
1.846
1.851
1.836
1.831
1.821
1.807
1.787
1.753
1.738
1.719
1.724
1.709
1.641
1.616
1.597
1.577
1.563
1.558
1.548
1.489
1.421
1.426
1.406
1.397
1.372
1.314
1.299
1.279
1.27
1.25
1.245
1.255
1.24
1.255
1.255
1.235
1.231
1.182
1.216
1.167
1.104
1.152
1.148
1.118
1.099
1.099
1.079
1.06
1.055
1.016
0.986
0.952
0.903
0.894
0.889
0.864
0.816
0.747
0.718
0.708
0.669
0.664
0.674
0.723
0.728
0.737
0.728
0.689
0.65
0.645
0.65
0.64
0.625
0.601
0.61
0.552
0.503
0.518
0.547
0.503
0.484
0.469
0.464
0.459
0.444
0.43
0.43
0.425
0.366
0.308
0.259
0.264
0.269
0.259
0.23
0.23
0.23
0.234
0.239
0.225
0.205
0.2
0.225
0.23
0.234
0.22
0.215
0.244
0.2
0.2
0.195
0.195
0.191
0.195
0.176
0.176
0.181
0.176
0.171
0.103
0.093
0.059
0.02
0.005
0.005
0
0.005
0.005
0.005
0
0.005
0
0.005
0
0.005
0.005
0
0
0.005
0.005
0
0.005
0.005
0
0
0.005
0.005
0
0.005
0.005
0.005
0.005
0.005
0.005
0
0
0.005
0.005
0.005
0.005
0.005
0.005
0.005
0.005
0.005
0.005
0.005
0.005
0.005
0.005
0.005
0.005
0.005
0.005
0.005
0.005
0.005
0.005
0
0.005
0
0.005
0.005
0.005
0.005
0.005
0.005
0.005
0
0.005
0.005
0
0.005
0.005
0
0.005
0
0.005
0
0.005
0.005
0.005
0.005
0.005
0.005
0
0.005
0.005
0.005
0.005
0.005
0.005
0.005
0.005
0.005
0.005
0.005
0.005
0.005
0
0
0.005
0.005
0.005
0.005
0.005
0.005
0.005
0.005
0.005
0.005
0.005
0.005
0.005
0.005
0.005
0
0.005
0.005
0.005
0.005
0.005
0
0.005
0.005
0.005
0.005
0.005
0.005
0.005
0.005
0.005
0.005
0.005
0.005
0.005
0.005
0.005
0.005
0
0.005
0.005
0.005
0.005
0.005
0.005
0.005
0.005
0
0.005
0.005
0.005
0.005
0.005
0.005
0
0.005
0
0.005
0.005
0.005
0.005
0
0
0
0
0
0.005
0.005
0.005
0.005
0.005
0.005
0.005
0.005
0.005
0.005
0.005
0.005
0
0.005
0.005
0
0.005
0
0
0.005
0.005
0
0.005
0
0.005
0.005
0.005
0.005
0.005
0.005
0.005
0
0.005
0.005
0
0.005
0.005
0.005
0.005
0.005
0.005
0.005
0.005
0.005
0.005
0.005
0.005
0.005
0.005
0.005
0.005
0.005
0.005
0.005
0.005
0.005
0.005
0.005
0.005
0.005
0.005
0.005
0.005
0.005
0.005
0
0.005
0.005
0.005
0.005
0.005
0
0.005
0.005
0.005
0.005
0.005
0.005
0.005
0.005
0.005
0
0.005
0.005
0.005
0.005
0.005
0.005
0.005
0.005
0.005
0
0
0.005
0.005
0.005
0.005
0.005
0
0.005
0.005
0.005
0.005
0.005
0.005
0.005
0
0.005
0.005
0.005
0.005
0.005
0
0
0.005
0.005
0
0
0
0.005
0
0.005
0.005
0.005
0.005
0.005
0.005
0.005
0.005
0.005
0.005
0.005
0.005
0.005
0.005
0.005
0
0.005
0.005
0.005
0.005
0.005
0.005
0
0.005
0.005
0.005
0.005
0.005
0.005
0.005
0.005
0.005
0.005
0.005
0.005
0.005
0.005
0.005
0.005
0.005
0
0.005
0
0.005
0.005
0.005
0.005
0.005
0.005
0.005
0.005
0.005
0.005
0.005
0.005
0.005
0
0.005
0.005
0.005
0.005
0.005
0.005
0.005
0.005
0.005
0.005
0.005
0.005
0.005
0.005
0.005
0.005
0.005
0.005
0
0.005
0.005
0.005
0.005
0.005
0.005
0.005
0.005
0.005
0.005
0.005
0.005
0.005
0.005
0.005
0.005
0.005
0.005
0
0.005
0.005
0
0.005
0.005
0
0.005
0.005
0.005
0.005
0.005
0.005
0.005
0.005
0.005
0.005
0.005
0.005
0.005
0
0.005
0
0
0
0
0.005
0
0.005
0.005
0.005
0.005
0
0.005
0.005
0.005
0.005
0.005
0.005
0
0.005
0.005
0.005
0.005
0.005
0.005
0.005
0.005
0.005
0.005
0.005
0
0.005
0.005
0
0.005
0.005
0.005
0
0.005
0
0
0.005
0.005
0.005
0.005
0.005
0.005
0
0.005
0.005
0.005
0.005
0.005
0.005
0.005
0.005
0.005
0.005
0.005
0.005
0.005
0.005
0.005
0.005
0.005
0
0.005
0
0
0.005
0.005
0.005
0.005
0.005
0.005
0.005
0.005
0.005
0.005
0.005
0.005
0.005
0.005
0.005
0
0.005
0.005
0.005
0.005
0.005
0
0.005
0.005
0.005
0.005
0.005
0.005
0.005
0.005
0
0.005
0
0
0.005
0.005
0
0.005
0.005
0.005
0.005
0
0.005
0.005
0.005
0.005
0
0.005
0.005
0.005
0
0.005
0
0
0.005
0.005
0
0.005
0.005
0
0.005
0.005
0
0.005
0.005
0.005
0.005
0.005
0.005
0.005
0
0.005
0
0.005
0
0.005
0.005
0
0
0.005
0.005
0.005
0.005
0.005
0.005
0.005
0.005
0.005
0.005
0.005
0.005
0.005
0.005
0
0.005
0
0.005
0.005
0.005
0.005
0.005
0.005
0.005
0.005
0.005
0.005
0.005
0.005
0.005
0.005
0.005
0.005
0.005
0.005
0.005
0.005
0.005
0.005
0.005
0.005
0.005
0.005
0.005
0.005
0.005
0
0.005
0.005
0.005
0.005
0.005
0.005
0.005
0.005
0.005
0.005
0.005
0
0.005
0.005
0.005
0.005
0.005
0.005
0.005
0.005
0.005
0.005
0.005
0.005
0.005
0.005
0.005
0.005
0.005
0.005
0.005
0.005
0.005
0.005
0.005
0.005
0.005
0.005
0.005
0.005
0.005
0.005
0.005
0.005
0.005
0.005
0.005
0.005
0.005
0.005
0.005
0.005
0.005
0.005
0
0.005
0.005
0.005
0.005
0.005
0.005
0.005
0.005
0.005
0.005
0.005
0.005
0.005
0.005
0.005
0.005
0.005
0
0.005
0.005
0.005
0.005
0.005
0.005
0.005
0.005
0.005
0.005
0.005
0.005
0.005
0.005
0.005
0.005
0
0.005
0
0
0
0.005
0.005
0.005
0.005
0.005
0.005
0.005
0.005
0.005
0.005
0.005
0.005
0.005
0
0
0
0
0.005
0.073
0.376
0.63
1.099
1.406
1.538
1.734
1.9
1.943
1.973
1.958
1.953
1.885
1.875
1.821
1.807
1.841
1.821
1.826
1.846
1.846
1.856
1.836
1.919
1.87
1.856
1.851
1.875
1.904
1.9
1.875
1.86
1.826
1.817
1.777
1.807
1.734
1.753
1.748
1.792
1.807
1.812
1.807
1.729
1.724
1.748
1.685
1.655
1.665
1.646
1.626
1.602
1.597
1.543
1.533
1.519
1.265
1.216
1.221
1.362
1.406
1.24
1.284
1.406
1.401
1.377
1.289
1.255
1.235
1.25
1.24
1.299
1.226
1.279
1.265
1.343
1.314
1.304
1.323
1.353
1.343
1.455
1.455
1.533
1.524
1.577
1.538
1.528
1.524
1.548
1.548
1.563
1.572
1.616
1.636
1.67
1.67
1.675
1.694
1.699
1.699
1.704
1.714
1.724
1.738
1.743
1.753
1.753
1.758
1.763
1.768
1.763
1.773
1.782
1.782
1.787
1.802
1.812
1.812
1.817
1.826
1.826
1.831
1.836
1.846
1.846
1.851
1.86
1.865
1.865
1.87
1.875
1.875
1.875
1.88
1.88
1.88
1.885
1.88
1.885
1.875
1.87
1.865
1.875
1.875
1.87
1.86
1.856
1.856
1.851
1.846
1.846
1.846
1.846
1.851
1.846
1.841
1.826
1.831
1.826
1.831
1.821
1.807
1.817
1.807
1.797
1.782
1.792
1.758
1.748
1.748
1.738
1.729
1.719
1.709
1.709
1.704
1.69
1.665
1.631
1.631
1.611
1.592
1.587
1.577
1.563
1.548
1.543
1.528
1.509
1.499
1.475
1.484
1.48
1.455
1.441
1.406
1.421
1.387
1.382
1.348
1.318
1.304
1.294
1.279
1.27
1.235
1.206
1.187
1.148
1.104
1.03
1.05
1.026
0.996
0.972
0.938
0.894
0.869
0.84
0.767
0.757
0.806
0.796
0.757
0.742
0.693
0.689
0.645
0.625
0.635
0.625
0.62
0.567
0.571
0.488
0.484
0.469
0.454
0.479
0.464
0.454
0.401
0.386
0.386
0.401
0.391
0.347
0.327
0.317
0.342
0.308
0.244
0.269
0.308
0.2
0.108
0.098
0.078
0.064
0.049
0.044
0.073
0.108
0.064
0.068
0.112
0.059
0.015
0.005
0.005
0
0
0.005
0.005
0.005
0.005
0.005
0.005
0.005
0.005
0.005
0.005
0.005
0.005
0
0.005
0.005
0.005
0.005
0.005
0.005
0
0.005
0.005
0.005
0.005
0.005
0.005
0.005
0.005
0.005
0
0.005
0.005
0.005
0.005
0.005
0.005
0.005
0.005
0.005
0.005
0.005
0.005
0.005
0.005
0.005
0
0.005
0.005
0.005
0.005
0.005
0.005
0.005
0.005
0.005
0.005
0.005
0.005
0.005
0.005
0.005
0.005
0.005
0.005
0.005
0
0.005
0.005
0.005
0
0.005
0
0.005
0
0.005
0.005
0.005
0.005
0.005
0.005
0.005
0.005
0.005
0
0.005
0.005
0.005
0.005
0.005
0.005
0.005
0
0.005
0
0.005
0.005
0.005
0.005
0.005
0.005
0.005
0.005
0.005
0.005
0.005
0.005
0.005
0.005
0.005
0.005
0.005
0.005
0.005
0
0.005
0.005
0.005
0
0.005
0.005
0
0
0.005
0.005
0
0.005
0.005
0.005
0.005
0
0.005
0.005
0.005
0.005
0.005
0.005
0.005
0.005
0
0.005
0.005
0.005
0.005
0.005
0.005
0.005
0.005
0.005
0.005
0.005
0
0
0.005
0.005
0.005
0.005
0.005
0
0
0.005
0
0.005
0.005
0.005
0.005
0.005
0.005
0
0.005
0.005
0.005
0.005
0
0.005
0.005
0.005
0
0
0.005
0.005
0
0.005
0.005
0.005
0.005
0.005
0.005
0.005
0.005
0.005
0.005
0.005
0
0
0
0
0
0.005
0.005
0.005
0.005
0.005
0.005
0.005
0.005
0.005
0.005
0.005
0.005
0.005
0.005
0.005
0
0.005
0.005
0
0.005
0.005
0
0
0.005
0.005
0.005
0.005
0.005
0
0.005
0.005
0.005
0.005
0.005
0.005
0.005
0.005
0.005
0
0
0
0.005
0.005
0.005
0.005
0
0.005
0.005
0.005
0.005
0.005
0.005
0.005
0.005
0.005
0.005
0
0.005
0
0.005
0.005
0.005
0.005
0.005
0.005
0.005
0.005
0.005
0.005
0.005
0.005
0.005
0.005
0.005
0.005
0.005
0.005
0
0.005
0.005
0.005
0.005
0
0.005
0.005
0.005
0.005
0
0
0.005
0.005
0.005
0.005
0.005
0.005
0.005
0.005
0.005
0.005
0.005
0.005
0.005
0.005
0.005
0.005
0
0.005
0.005
0.005
0.005
0.005
0.005
0.005
0.005
0.005
0.005
0.005
0
0.005
0.005
0.005
0.005
0
0.005
0
0.005
0.005
0.005
0.005
0.005
0.005
0.005
0.005
0.005
0.005
0.005
0
0
0.005
0
0
0.005
0.005
0
0.005
0.005
0.005
0.005
0.005
0
0.005
0.005
0.005
0.005
0
0.005
0.005
0
0.005
0.005
0.005
0.005
0.005
0.005
0.005
0
0.005
0.005
0.005
0.005
0.005
0.005
0.005
0.005
0.005
0.005
0
0.005
0.005
0.005
0.005
0.005
0.005
0.005
0.005
0.005
0.005
0
0.005
0.005
0.005
0.005
0.005
0.005
0.005
0.005
0.005
0.005
0
0.005
0
0.005
0.005
0.005
0.005
0.005
0.005
0.005
0.005
0.005
0.005
0.005
0.005
0.005
0.005
0.005
0.005
0.005
0
0.005
0.005
0.005
0.005
0.005
0.005
0.005
0.005
0
0
0.005
0.005
0.005
0.005
0.005
0.005
0.005
0.005
0.005
0.005
0
0
0.005
0
0.005
0.005
0.005
0.005
0.005
0.005
0.005
0.005
0.005
0.005
0.005
0.005
0.005
0.005
0.005
0.005
0
0.005
0.005
0.005
0.005
0.005
0.005
0.005
0.005
0.005
0.005
0.005
0.005
0.005
0.005
0
0.005
0.005
0.005
0.005
0.005
0
0.005
0.005
0.005
0.005
0.005
0.005
0.005
0.005
0.005
0.005
0.005
0.005
0.005
0.005
0.005
0.005
0.005
0.005
0.005
0.005
0.005
0.005
0.005
0.005
0.005
0.005
0.005
0
0.005
0.005
0.005
0.005
0.005
0.005
0.005
0.005
0.005
0.005
0.005
0.005
0.005
0
0.005
0.005
0.005
0.005
0.005
0.005
0.005
0.005
0.005
0.005
0.005
0
0.005
0.005
0.005
0.005
0.005
0.005
0
0.005
0
0.005
0.005
0.005
0.005
0.005
0.005
0.005
0.005
0
0.005
0.005
0
0.005
0.005
0.005
0.005
0.005
0.005
0.005
0.005
0.005
0
0.005
0.005
0.005
0.005
0.005
0.005
0.005
0.005
0.005
0.005
0.005
0.005
0.005
0.005
0.005
0.005
0.005
0.005
0
0
0
0.005
0.005
0.005
0.005
0
0.005
0.005
0.005
0.005
0.005
0.005
0.005
0.005
0.005
0
0.005
0
0.005
0.005
0
0.005
0
0.005
0.005
0.005
0.005
0.005
0.005
0.005
0
0.005
0.005
0.005
0.005
0.005
0.005
0.005
0.005
0.005
0.005
0.005
0.005
0.005
0.005
0.005
0.005
0.005
0.005
0.005
0.005
0.005
0.005
0.005
0.005
0.005
0
0.005
0.005
0
0.005
0
0.005
0.005
0
0.005
0.005
0.005
0.005
0.005
0.005
0.005
0.005
0.005
0.005
0.005
0.005
0.005
0.005
0.005
0
0.005
0.005
0.005
0.005
0.005
0.005
0.005
0.005
0
0.005
0.005
0.005
0.005
0.005
0.005
0.005
0.005
0.005
0.005
0.005
0.005
0.005
0.005
0.005
0.005
0.005
0.005
0.005
0.005
0.005
0.005
0.005
0.005
0.005
0.005
0.005
0.005
0
0
0
0.005
0.005
0.005
0
0.005
0.005
0.005
0
0.005
0.005
0.005
0.005
0.005
0.005
0.005
0
0.005
0.005
0
0.005
0
0.005
0.005
0.005
0.005
0.005
0.005
0.005
0.005
0.005
0.005
0.005
0.005
0.005
0.005
0.005
0.005
0.005
0
0.005
0.005
0
0.005
0
0
0.005
0.005
0.005
0.005
0
0.005
0.005
0.005
0.005
0.005
0
0.005
0
0
0.005
0.005
0
0
0.005
0
0
0
0.005
0.005
0.005
0
0.005
0.005
0.005
0.005
0.034
0.142
0.269
0.601
0.884
1.157
1.416
1.699
1.841
1.904
1.885
1.86
1.753
1.699
1.636
1.597
1.528
1.519
1.484
1.47
1.48
1.45
1.45
1.484
1.48
1.504
1.524
1.538
1.567
1.489
1.548
1.528
1.455
1.509
1.465
1.489
1.499
1.499
1.509
1.421
1.401
1.406
1.362
1.348
1.338
1.348
1.372
1.538
1.519
1.489
1.426
1.338
1.343
1.128
1.123
1.079
1.06
1.143
1.109
1.079
1.255
1.226
1.367
1.314
1.353
1.445
1.528
1.484
1.475
1.46
1.514
1.431
1.45
1.499
1.484
1.45
1.484
1.607
1.641
1.533
1.572
1.563
1.558
1.524
1.484
1.494
1.519
1.587
1.641
1.66
1.66
1.646
1.582
1.621
1.651
1.665
1.67
1.675
1.67
1.68
1.704
1.714
1.729
1.743
1.748
1.743
1.743
1.748
1.763
1.763
1.768
1.773
1.787
1.792
1.797
1.802
1.807
1.817
1.826
1.826
1.841
1.846
1.86
1.856
1.846
1.87
1.87
1.87
1.875
1.88
1.875
1.88
1.875
1.89
1.895
1.9
1.9
1.9
1.904
1.904
1.904
1.904
1.909
1.914
1.909
1.909
1.904
1.904
1.904
1.904
1.904
1.9
1.904
1.9
1.9
1.9
1.895
1.89
1.87
1.865
1.865
1.865
1.86
1.846
1.787
1.782
1.787
1.782
1.773
1.768
1.773
1.773
1.768
1.758
1.763
1.753
1.743
1.738
1.738
1.724
1.729
1.729
1.724
1.724
1.709
1.709
1.704
1.714
1.709
1.694
1.694
1.68
1.68
1.675
1.665
1.621
1.582
1.567
1.572
1.577
1.533
1.524
1.519
1.514
1.509
1.499
1.489
1.484
1.494
1.475
1.455
1.445
1.445
1.441
1.436
1.397
1.392
1.392
1.377
1.372
1.392
1.367
1.353
1.328
1.304
1.289
1.26
1.255
1.226
1.206
1.201
1.162
1.138
1.099
1.069
1.069
1.04
1.045
1.026
1.016
0.986
0.957
0.928
0.913
0.933
0.923
0.899
0.903
0.903
0.903
0.884
0.864
0.84
0.801
0.82
0.83
0.796
0.791
0.806
0.767
0.767
0.772
0.742
0.767
0.786
0.776
0.747
0.728
0.718
0.684
0.689
0.669
0.669
0.679
0.64
0.615
0.65
0.65
0.664
0.61
0.62
0.591
0.571
0.532
0.542
0.547
0.557
0.547
0.523
0.513
0.571
0.586
0.62
0.606
0.562
0.576
0.527
0.493
0.498
0.479
0.488
0.523
0.518
0.488
0.449
0.449
0.459
0.464
0.435
0.415
0.41
0.41
0.415
0.361
0.303
0.288
0.274
0.293
0.332
0.244
0.23
0.215
0.264
0.2
0.166
0.191
0.244
0.23
0.151
0.068
0.044
0.044
0.093
0.112
0.205
0.171
0.191
0.117
0.098
0.147
0.059
0.093
0.078
0.049
0.054
0.005
0.005
0.005
0.005
0.005
0.005
0.005
0.005
0
0
0.005
0.01
0.015
0.005
0.005
0
0
0.005
0.005
0.005
0.005
0.005
0.005
0.005
0
0.005
0.005
0.005
0.005
0.005
0.005
0.005
0.005
0.005
0.005
0
0.005
0
0.005
0.005
0.005
0.005
0.005
0.005
0
0.005
0.005
0.005
0
0.005
0.005
0.005
0.005
0.005
0.005
0
0
0.005
0.005
0.005
0.005
0.005
0.005
0.005
0.005
0.005
0.005
0.005
0.005
0.005
0.005
0.005
0.005
0.005
0
0.005
0.005
0.005
0.005
0.005
0.005
0.005
0.005
0.005
0
0.005
0.005
0
0.005
0
0.005
0.005
0.005
0
0
0.005
0.005
0.005
0.005
0.005
0.005
0.005
0.005
0.005
0.005
0.005
0
0
0.005
0.005
0.005
0
0.005
0.005
0.005
0.005
0.005
0.005
0.005
0.005
0.005
0.005
0.005
0.005
0.005
0.005
0.005
0.005
0.005
0.005
0.005
0.005
0.005
0.005
0.005
0.005
0.005
0.005
0.005
0.005
0.005
0.005
0
0.005
0.005
0.005
0
0
0
0
0
0.005
0
0
0.005
0.005
0
0.005
0.005
0.005
0
0.005
0.005
0.005
0.005
0
0.005
0.005
0.005
0.005
0.005
0.005
0
0.005
0
0.005
0
0
0
0.005
0.005
0
0.005
0
0.005
0.005
0.005
0.005
0.005
0.005
0.005
0.005
0.005
0.005
0.005
0.005
0.005
0.005
0.005
0.005
0.005
0.005
0.005
0.005
0.005
0.005
0.005
0.005
0.005
0.005
0.005
0.005
0.005
0.005
0.005
0.005
0.005
0
0.005
0.005
0.005
0.005
0.005
0.005
0.005
0.005
0.005
0.005
0.005
0.005
0
0
0.005
0.005
0.005
0.005
0.005
0.005
0
0.005
0.005
0.005
0.005
0.005
0.005
0.005
0.005
0.005
0.005
0
0.005
0.005
0
0.005
0
0.005
0.005
0.005
0.005
0
0.005
0.005
0.005
0.005
0.005
0.005
0.005
0.005
0.005
0.005
0
0.005
0.005
0.005
0.005
0.005
0.005
0.005
0
0.005
0
0.005
0.005
0.005
0.005
0.005
0.005
0.005
0.005
0.005
0
0.005
0
0
0.005
0.005
0.005
0.005
0.005
0.005
0.005
0.005
0.005
0.005
0.005
0.005
0.005
0.005
0.005
0.005
0.005
0.005
0.005
0.005
0.005
0.005
0.005
0.005
0.005
0.005
0.005
0.005
0.005
0.005
0.005
0.005
0.005
0.005
0.005
0.005
0.005
0.005
0.005
0
0
0.005
0.005
0.005
0.005
0.005
0.005
0.005
0.005
0.005
0.005
0.005
0.005
0.005
0.005
0.005
0.005
0.005
0
0
0
0.005
0.005
0
0.005
0.005
0.005
0.005
0
0.005
0.005
0.005
0.005
0.005
0.005
0.005
0.005
0
0.005
0.005
0
0
0.005
0
0.005
0.005
0.005
0.005
0.005
0
0.005
0.005
0.005
0.005
0.005
0.005
0.005
0.005
0.005
0
0.005
0.005
0.005
0.005
0.005
0.005
0
0.005
0
0.005
0.005
0
0.005
0.005
0.005
0.005
0.005
0.005
0.005
0.005
0.005
0.005
0.005
0.005
0.005
0.005
0.005
0.005
0.005
0.005
0.005
0.005
0.005
0.005
0.005
0.005
0.005
0.005
0.005
0.005
0.005
0.005
0.005
0
0.005
0
0.005
0
0
0.005
0.005
0
0.005
0.005
0.005
0.005
0.005
0
0.005
0
0.005
0
0.005
0.005
0.005
0
0.005
0.005
0
0.005
0.005
0.005
0.005
0
0.005
0.005
0.005
0.005
0.005
0.005
0.005
0.005
0.005
0
0.005
0.005
0.005
0
0.005
0.005
0.005
0.005
0.005
0.005
0
0.005
0.005
0.005
0
0.005
0
0
0
0
0
0.005
0
0.005
0.005
0
0.005
0.005
0.005
0.005
0.005
0.005
0.005
0.005
0.005
0.005
0.005
0.005
0
0.005
0.005
0.005
0
0.005
0.005
0
0.005
0.005
0.005
0.005
0
0.005
0.005
0.005
0.005
0.005
0.005
0.005
0
0
0.005
0.005
0.005
0.005
0
0
0
0.005
0
0.005
0.005
0.005
0.005
0.005
0
0.005
0.005
0.005
0.005
0.005
0.005
0.005
0.005
0.005
0.005
0.005
0.005
0.005
0.005
0.005
0.005
0.005
0.005
0.005
0.005
0.005
0.005
0.005
0.005
0.005
0.005
0.005
0.005
0.005
0.005
0.005
0.005
0.005
0
0.005
0.005
0.005
0.005
0.005
0.005
0.005
0.005
0.005
0.005
0
0.005
0.005
0.005
0.005
0.005
0.005
0.005
0.005
0.005
0.005
0.005
0.005
0.005
0.005
0.005
0.005
0.005
0.005
0.005
0.005
0.005
0
0.005
0.005
0
0.005
0.005
0.005
0.005
0.005
0.005
0.005
0.005
0.005
0.005
0
0.005
0.005
0.005
0.005
0.005
0.005
0.005
0
0.005
0.005
0.005
0.005
0.005
0.005
0
0.005
0.005
