0.018
0.018
0.023
0.023
0.023
0.023
0.018
0.023
0.023
0.023
0.018
0.023
0.018
0.018
0.018
0.018
0.018
0.018
0.018
0.018
0.018
0.018
0.018
0.023
0.023
0.023
0.023
0.023
0.023
0.023
0.023
0.023
0.023
0.023
0.023
0.023
0.023
0.023
0.023
0.023
0.023
0.023
0.018
0.023
0.023
0.018
0.018
0.018
0.018
0.018
0.018
0.018
0.023
0.023
0.018
0.018
0.018
0.018
0.018
0.023
0.018
0.023
0.023
0.023
0.023
0.023
0.018
0.023
0.023
0.023
0.023
0.023
0.023
0.023
0.023
0.023
0.023
0.023
0.023
0.023
0.023
0.023
0.023
0.018
0.023
0.023
0.018
0.018
0.023
0.018
0.018
0.018
0.018
0.018
0.018
0.023
0.018
0.018
0.018
0.018
0.018
0.018
0.018
0.023
0.018
0.023
0.018
0.018
0.018
0.018
0.018
0.018
0.018
0.018
0.018
0.018
0.018
0.018
0.018
0.018
0.018
0.023
0.018
0.018
0.023
0.018
0.023
0.018
0.018
0.018
0.023
0.023
0.023
0.018
0.018
0.018
0.018
0.023
0.023
0.018
0.018
0.018
0.018
0.018
0.018
0.018
0.018
0.018
0.018
0.018
0.018
0.018
0.018
0.018
0.018
0.018
0.018
0.018
0.018
0.018
0.018
0.018
0.018
0.018
0.018
0.018
0.018
0.018
0.018
0.018
0.018
0.018
0.018
0.018
0.018
0.018
0.018
0.018
0.018
0.018
0.018
0.018
0.018
0.018
0.018
0.018
0.018
0.018
0.018
0.018
0.018
0.018
0.018
0.018
0.018
0.018
0.018
0.018
0.018
0.018
0.018
0.018
0.018
0.018
0.018
0.018
0.018
0.018
0.018
0.018
0.018
0.018
0.018
0.018
0.018
0.018
0.018
0.018
0.018
0.018
0.018
0.018
0.018
0.018
0.018
0.018
0.018
0.018
0.018
0.018
0.018
0.018
0.018
0.018
0.018
0.018
0.018
0.018
0.018
0.018
0.018
0.018
0.018
0.018
0.018
0.018
0.018
0.018
0.018
0.018
0.018
0.018
0.018
0.018
0.018
0.018
0.018
0.018
0.018
0.018
0.018
0.018
0.018
0.018
0.018
0.018
0.018
0.018
0.018
0.018
0.018
0.018
0.018
0.018
0.018
0.018
0.018
0.018
0.018
0.018
0.018
0.018
0.018
0.018
0.018
0.018
0.018
0.018
0.018
0.018
0.018
0.018
0.018
0.018
0.018
0.018
0.018
0.018
0.018
0.018
0.018
0.018
0.018
0.018
0.018
0.018
0.018
0.023
0.023
0.023
0.023
0.023
0.023
0.023
0.027
0.027
0.027
0.027
0.027
0.027
0.027
0.027
0.027
0.027
0.027
0.027
0.027
0.027
0.027
0.027
0.023
0.023
0.023
0.023
0.023
0.023
0.018
0.018
0.023
0.023
0.023
0.023
0.023
0.023
0.023
0.023
0.023
0.023
0.018
0.023
0.023
0.023
0.023
0.023
0.023
0.023
0.018
0.018
0.023
0.018
0.023
0.023
0.018
0.018
0.023
0.018
0.018
0.023
0.018
0.018
0.018
0.023
0.023
0.018
0.023
0.018
0.023
0.018
0.018
0.018
0.018
0.018
0.018
0.023
0.023
0.023
0.023
0.018
0.018
0.023
0.018
0.023
0.023
0.023
0.023
0.023
0.023
0.023
0.023
0.023
0.023
0.023
0.023
0.023
0.023
0.027
0.027
0.027
0.027
0.027
0.023
0.037
0.037
0.057
0.066
0.076
0.071
0.076
0.081
0.081
0.091
0.091
0.091
0.11
0.125
0.125
0.13
0.135
0.145
0.14
0.149
0.145
0.159
0.145
0.149
0.149
0.154
0.154
0.159
0.159
0.159
0.164
0.159
0.159
0.159
0.159
0.174
0.174
0.184
0.184
0.184
0.184
0.189
0.184
0.184
0.189
0.184
0.189
0.198
0.198
0.203
0.208
0.208
0.208
0.213
0.213
0.218
0.218
0.218
0.218
0.223
0.223
0.228
0.228
0.232
0.237
0.237
0.242
0.242
0.247
0.247
0.247
0.247
0.247
0.247
0.247
0.247
0.247
0.247
0.252
0.252
0.252
0.252
0.252
0.257
0.257
0.257
0.257
0.262
0.262
0.262
0.267
0.267
0.267
0.267
0.262
0.276
0.276
0.276
0.281
0.276
0.276
0.276
0.286
0.291
0.281
0.286
0.286
0.291
0.286
0.311
0.316
0.32
0.325
0.33
0.345
0.345
0.35
0.359
0.35
0.359
0.359
0.355
0.364
0.364
0.374
0.379
0.379
0.379
0.394
0.389
0.389
0.389
0.394
0.403
0.403
0.389
0.399
0.399
0.399
0.389
0.379
0.374
0.374
0.379
0.384
0.394
0.394
0.403
0.403
0.408
0.408
0.403
0.403
0.394
0.399
0.389
0.399
0.394
0.379
0.369
0.374
0.379
0.369
0.345
0.379
0.369
0.359
0.369
0.359
0.359
0.34
0.335
0.33
0.355
0.33
0.33
0.33
0.33
0.33
0.345
0.345
0.345
0.34
0.33
0.335
0.335
0.33
0.311
0.306
0.301
0.306
0.316
0.296
0.281
0.291
0.286
0.301
0.281
0.272
0.286
0.301
0.306
0.301
0.286
0.281
0.281
0.281
0.291
0.296
0.291
0.296
0.291
0.286
0.286
0.272
0.272
0.272
0.281
0.276
0.276
0.286
0.286
0.291
0.291
0.291
0.291
0.306
0.311
0.311
0.311
0.311
0.311
0.311
0.306
0.316
0.32
0.325
0.33
0.335
0.33
0.335
0.335
0.33
0.335
0.335
0.33
0.33
0.33
0.335
0.34
0.369
0.364
0.374
0.374
0.379
0.379
0.384
0.384
0.394
0.394
0.394
0.394
0.394
0.399
0.394
0.399
0.394
0.399
0.399
0.399
0.399
0.394
0.418
0.423
0.428
0.433
0.442
0.447
0.447
0.467
0.477
0.486
0.496
0.501
0.511
0.516
0.525
0.54
0.54
0.545
0.555
0.555
0.56
0.565
0.565
0.569
0.574
0.579
0.584
0.589
0.589
0.584
0.594
0.608
0.604
0.608
0.608
0.618
0.618
0.618
0.618
0.633
0.633
0.633
0.633
0.638
0.643
0.638
0.643
0.643
0.648
0.652
0.652
0.657
0.662
0.657
0.652
0.667
0.662
0.667
0.677
0.662
0.667
0.672
0.682
0.648
0.633
0.628
0.696
0.691
0.696
0.696
0.706
0.701
0.706
0.706
0.721
0.731
0.745
0.75
0.76
0.76
0.765
0.779
0.789
0.794
0.799
0.838
0.848
0.853
0.862
0.867
0.872
0.877
0.872
0.867
0.857
0.833
0.823
0.814
0.809
0.799
0.794
0.789
0.814
0.814
0.823
0.823
0.833
0.828
0.823
0.823
0.838
0.848
0.853
0.877
0.853
0.853
0.843
0.853
0.867
0.882
0.882
0.892
0.906
0.906
0.911
0.911
0.916
0.931
0.931
0.931
0.936
0.941
0.941
0.945
0.95
0.945
0.941
0.941
0.945
0.95
0.96
0.955
0.965
0.96
0.965
0.955
0.95
0.945
0.965
0.955
0.96
0.97
0.975
0.984
0.98
0.984
1.009
1.014
1.019
1.028
1.028
1.033
1.038
1.048
1.058
1.058
1.067
1.067
1.053
1.053
1.058
1.063
1.053
1.067
1.072
1.082
1.082
1.077
1.072
1.082
1.077
1.082
1.072
1.067
1.067
1.067
1.077
1.072
1.087
1.092
1.092
1.092
1.087
1.092
1.107
1.102
1.111
1.121
1.131
1.141
1.131
1.131
1.126
1.111
1.121
1.146
1.15
1.146
1.155
1.16
1.16
1.165
1.17
1.19
1.19
1.199
1.209
1.209
1.214
1.209
1.204
1.204
1.194
1.194
1.199
1.214
1.214
1.214
1.204
1.214
1.204
1.214
1.214
1.214
1.214
1.224
1.224
1.224
1.214
1.224
1.229
1.224
1.229
1.224
1.209
1.199
1.204
1.214
1.238
1.248
1.253
1.263
1.263
1.297
1.277
1.243
1.229
1.199
1.199
1.209
1.17
1.15
1.165
1.175
1.19
1.175
1.18
1.19
1.185
1.175
1.219
1.233
1.219
1.155
1.155
1.131
1.102
1.053
1.053
1.019
1.019
0.989
0.98
0.936
0.926
0.945
0.872
0.828
0.823
0.789
0.784
0.711
0.535
0.491
0.633
0.579
0.462
0.438
0.403
0.379
0.379
0.447
0.399
0.34
0.301
0.291
0.301
0.306
0.32
0.325
0.35
0.345
0.359
0.35
0.35
0.34
0.34
0.335
0.316
0.247
0.223
0.228
0.208
0.208
0.193
0.189
0.174
0.179
0.159
0.164
0.145
0.159
0.149
0.135
0.135
0.14
0.14
0.125
0.13
0.135
0.135
0.135
0.149
0.159
0.145
0.135
0.135
0.13
0.125
0.13
0.135
0.13
0.12
0.11
0.11
0.106
0.101
0.101
0.091
0.071
0.062
0.042
0.042
0.042
0.042
0.047
0.047
0.042
0.042
0.042
0.042
0.042
0.042
0.042
0.037
0.037
0.037
0.032
0.032
0.037
0.037
0.037
0.037
0.037
0.037
0.032
0.032
0.032
0.032
0.027
0.032
0.023
0.023
0.023
0.023
0.018
0.018
0.018
0.018
0.018
0.018
0.018
0.018
0.018
0.018
0.018
0.018
0.018
0.018
0.018
0.018
0.018
0.018
0.018
0.018
0.013
0.018
0.018
0.018
0.018
0.018
0.018
0.018
0.018
0.018
0.018
0.018
0.018
0.018
0.018
0.018
0.018
0.018
0.018
0.018
0.018
0.018
0.018
0.018
0.018
0.018
0.018
0.018
0.018
0.018
0.018
0.018
0.018
0.018
0.018
0.018
0.018
0.018
0.018
0.018
0.018
0.018
0.018
0.018
0.018
0.018
0.018
0.018
0.018
0.018
0.013
0.018
0.018
0.018
0.018
0.018
0.018
0.013
0.013
0.018
0.018
0.018
0.018
0.018
0.018
0.018
0.018
0.018
0.018
0.018
0.018
0.018
0.018
0.018
0.018
0.018
0.018
0.018
0.018
0.018
0.018
0.018
0.018
0.018
0.018
0.018
0.018
0.023
0.018
0.018
0.018
0.018
0.018
0.018
0.018
0.018
0.018
0.018
0.018
0.018
0.023
0.023
0.018
0.018
0.018
0.018
0.018
0.018
0.018
0.018
0.018
0.018
0.018
0.018
0.018
0.018
0.018
0.018
0.018
0.018
0.018
0.018
0.018
0.018
0.018
0.018
0.018
0.018
0.018
0.018
0.018
0.018
0.018
0.018
0.018
0.018
0.018
0.018
0.018
0.018
0.018
0.018
0.018
0.018
0.018
0.018
0.018
0.018
0.018
0.018
0.018
0.018
0.018
0.018
0.018
0.018
0.018
0.018
0.018
0.018
0.018
0.018
0.018
0.018
0.018
0.018
0.018
0.018
0.018
0.018
0.018
0.018
0.018
0.018
0.018
0.018
0.018
0.018
0.018
0.018
0.018
0.018
0.018
0.018
0.018
0.018
0.018
0.018
0.018
0.018
0.018
0.018
0.018
0.018
0.018
0.018
0.018
0.018
0.018
0.018
0.018
0.018
0.018
0.018
0.018
0.018
0.018
0.018
0.018
0.018
0.018
0.018
0.018
0.018
0.018
0.018
0.018
0.018
0.018
0.018
0.018
0.018
0.018
0.018
0.018
0.018
0.018
0.018
0.018
0.018
0.018
0.018
0.018
0.018
0.018
0.018
0.018
0.018
0.018
0.018
0.018
0.018
0.018
0.018
0.018
0.018
0.018
0.018
0.018
0.018
0.018
0.018
0.018
0.018
0.018
0.018
0.018
0.018
0.018
0.018
0.018
0.018
0.018
0.018
0.018
0.018
0.018
0.018
0.018
0.018
0.018
0.018
0.018
0.018
0.018
0.013
0.018
0.018
0.018
0.013
0.018
0.018
0.018
0.018
0.018
0.018
0.018
0.018
0.013
0.013
0.018
0.013
0.013
0.013
0.013
0.013
0.013
0.018
0.013
0.013
0.013
0.013
0.013
0.018
0.018
0.018
0.018
0.018
0.018
0.013
0.013
0.013
0.018
0.018
0.018
0.018
0.013
0.013
0.018
0.018
0.013
0.013
0.018
0.018
0.018
0.018
0.018
0.018
0.018
0.018
0.018
0.018
0.018
0.018
0.018
0.018
0.018
0.018
0.018
0.018
0.018
0.018
0.018
0.018
0.018
0.018
0.018
0.018
0.018
0.018
0.018
0.018
0.018
0.018
0.023
0.023
0.023
0.023
0.023
0.027
0.032
0.032
0.037
0.037
0.037
0.032
0.032
0.032
0.032
0.027
0.027
0.027
0.027
0.023
0.027
0.023
0.023
0.023
0.023
0.023
0.023
0.023
0.023
0.023
0.023
0.023
0.023
0.023
0.018
0.018
0.018
0.023
0.018
0.023
0.018
0.018
0.018
0.018
0.023
0.023
0.018
0.023
0.018
0.018
0.018
0.023
0.023
0.023
0.023
0.023
0.023
0.023
0.018
0.023
0.023
0.018
0.023
0.023
0.023
0.023
0.023
0.023
0.023
0.023
0.023
0.023
0.023
0.023
0.023
0.027
0.027
0.027
0.027
0.027
0.027
0.027
0.027
0.032
0.032
0.027
0.027
0.027
0.027
0.027
0.027
0.027
0.027
0.027
0.027
0.027
0.032
0.047
0.057
0.047
0.052
0.066
0.101
0.101
0.11
0.101
0.11
0.106
0.096
0.135
0.11
0.11
0.115
0.115
0.12
0.12
0.125
0.135
0.135
0.149
0.149
0.154
0.154
0.174
0.174
0.169
0.169
0.174
0.174
0.174
0.174
0.174
0.174
0.184
0.179
0.179
0.189
0.189
0.174
0.179
0.184
0.184
0.169
0.169
0.184
0.169
0.179
0.159
0.169
0.174
0.198
0.203
0.218
0.189
0.189
0.179
0.184
0.189
0.213
0.213
0.213
0.208
0.208
0.198
0.213
0.203
0.203
0.184
0.179
0.164
0.169
0.169
0.179
0.203
0.189
0.198
0.198
0.208
0.198
0.193
0.198
0.193
0.193
0.189
0.193
0.189
0.189
0.193
0.179
0.179
0.174
0.174
0.169
0.174
0.184
0.198
0.184
0.198
0.203
0.203
0.213
0.213
0.218
0.213
0.198
0.193
0.189
0.184
0.193
0.198
0.203
0.203
0.198
0.193
0.189
0.184
0.193
0.189
0.193
0.193
0.203
0.198
0.203
0.203
0.203
0.218
0.218
0.223
0.228
0.223
0.223
0.228
0.228
0.232
0.228
0.223
0.223
0.228
0.223
0.223
0.223
0.218
0.232
0.228
0.228
0.242
0.237
0.228
0.237
0.223
0.213
0.208
0.203
0.198
0.193
0.184
0.164
0.164
0.164
0.169
0.174
0.169
0.169
0.174
0.179
0.179
0.184
0.184
0.184
0.193
0.193
0.203
0.208
0.213
0.213
0.218
0.232
0.232
0.228
0.232
0.242
0.247
0.257
0.257
0.262
0.262
0.272
0.281
0.286
0.286
0.286
0.291
0.301
0.301
0.306
0.306
0.311
0.306
0.311
0.306
0.311
0.316
0.32
0.32
0.32
0.33
0.33
0.335
0.335
0.335
0.34
0.335
0.35
0.359
0.369
0.379
0.389
0.389
0.394
0.399
0.394
0.403
0.413
0.418
0.423
0.423
0.438
0.452
0.477
0.496
0.511
0.525
0.535
0.565
0.569
0.574
0.584
0.589
0.589
0.599
0.623
0.633
0.643
0.652
0.662
0.677
0.687
0.691
0.701
0.706
0.716
0.721
0.735
0.745
0.755
0.755
0.76
0.76
0.765
0.774
0.779
0.789
0.799
0.814
0.818
0.828
0.843
0.853
0.857
0.862
0.867
0.867
0.877
0.882
0.897
0.906
0.916
0.916
0.921
0.926
0.931
0.95
0.95
0.955
0.96
0.975
0.98
0.994
0.999
0.989
0.989
0.994
1.004
1.009
1.019
1.024
1.048
1.053
1.058
1.063
1.067
1.077
1.087
1.107
1.107
1.111
1.111
1.121
1.126
1.126
1.131
1.136
1.146
1.136
1.141
1.155
1.155
1.155
1.17
1.175
1.175
1.165
1.17
1.165
1.155
1.141
1.146
1.15
1.146
1.141
1.146
1.16
1.067
1.043
1.033
1.033
1.033
1.033
1.033
1.038
1.033
1.053
1.053
1.063
1.072
1.077
1.077
1.082
1.092
1.097
1.102
1.107
1.136
1.136
1.141
1.141
1.067
1.082
1.082
1.097
1.111
1.111
1.111
1.111
1.116
1.126
1.131
1.136
1.141
1.136
1.136
1.131
1.141
1.146
1.15
1.155
1.16
1.165
1.165
1.165
1.175
1.175
1.165
1.18
1.194
1.229
1.229
1.233
1.219
1.233
1.238
1.229
1.219
1.209
1.204
1.204
1.209
1.209
1.18
1.136
1.15
1.165
1.136
1.072
1.033
1.141
1.116
1.131
1.131
1.16
1.126
1.136
1.131
1.146
1.17
1.175
1.19
1.17
1.18
1.18
1.185
1.185
1.18
1.175
1.165
1.18
1.185
1.204
1.175
1.19
1.185
1.19
1.204
1.219
1.224
1.229
1.238
1.238
1.233
1.243
1.292
1.307
1.321
1.312
1.287
1.292
1.268
1.263
1.253
1.243
1.258
1.243
1.219
1.17
1.141
1.131
1.126
1.141
1.165
1.146
1.082
1.058
1.038
0.999
0.984
0.975
0.931
0.916
0.931
0.931
0.853
0.848
0.892
0.882
0.833
0.789
0.789
0.745
0.731
0.721
0.677
0.696
0.604
0.535
0.569
0.496
0.423
0.418
0.403
0.428
0.408
0.355
0.33
0.301
0.286
0.252
0.262
0.242
0.237
0.242
0.242
0.223
0.223
0.213
0.198
0.174
0.164
0.13
0.12
0.106
0.091
0.106
0.115
0.101
0.096
0.12
0.12
0.11
0.11
0.106
0.13
0.149
0.145
0.135
0.11
0.11
0.115
0.11
0.106
0.106
0.086
0.081
0.071
0.066
0.037
0.032
0.032
0.027
0.032
0.027
0.027
0.027
0.023
0.023
0.023
0.023
0.023
0.018
0.027
0.023
0.027
0.032
0.032
0.032
0.032
0.027
0.027
0.027
0.027
0.027
0.027
0.027
0.027
0.027
0.027
0.027
0.027
0.027
0.027
0.027
0.023
0.027
0.027
0.027
0.027
0.027
0.027
0.027
0.027
0.027
0.027
0.027
0.027
0.027
0.032
0.032
0.032
0.032
0.032
0.027
0.032
0.032
0.032
0.032
0.032
0.032
0.027
0.027
0.032
0.027
0.027
0.027
0.027
0.027
0.027
0.027
0.027
0.023
0.023
0.023
0.023
0.023
0.023
0.023
0.023
0.023
0.023
0.023
0.023
0.023
0.023
0.023
0.023
0.023
0.023
0.023
0.023
0.023
0.023
0.023
0.023
0.023
0.023
0.023
0.023
0.023
0.023
0.023
0.023
0.023
0.023
0.023
0.023
0.023
0.023
0.023
0.023
0.023
0.023
0.023
0.023
0.023
0.023
0.023
0.023
0.023
0.023
0.023
0.023
0.023
0.023
0.023
0.023
0.023
0.023
0.023
0.023
0.023
0.023
0.023
0.023
0.018
0.018
0.018
0.018
0.018
0.023
0.018
0.018
0.018
0.018
0.018
0.018
0.018
0.018
0.018
0.018
0.018
0.018
0.018
0.018
0.018
0.018
0.018
0.018
0.018
0.018
0.018
0.018
0.018
0.018
0.018
0.018
0.018
0.023
0.018
0.018
0.023
0.023
0.023
0.023
0.023
0.018
0.023
0.023
0.023
0.023
0.023
0.023
0.018
0.023
0.023
0.018
0.023
0.023
0.023
0.018
0.023
0.023
0.023
0.023
0.023
0.023
0.023
0.023
0.023
0.023
0.023
0.023
0.023
0.023
0.023
0.023
0.023
0.023
0.023
0.023
0.023
0.023
0.023
0.023
0.023
0.023
0.023
0.023
0.023
0.023
0.023
0.023
0.023
0.023
0.023
0.023
0.023
0.023
0.023
0.023
0.023
0.023
0.023
0.023
0.023
0.023
0.023
0.023
0.023
0.023
0.023
0.023
0.023
0.023
0.023
0.023
0.023
0.023
0.023
0.023
0.023
0.023
0.023
0.023
0.023
0.023
0.023
0.023
0.023
0.023
0.023
0.023
0.023
0.023
0.023
0.023
0.023
0.023
0.023
0.023
0.023
0.023
0.023
0.023
0.023
0.023
0.023
0.023
0.023
0.023
0.023
0.023
0.023
0.023
0.023
0.023
0.023
0.023
0.023
0.023
0.023
0.023
0.023
0.023
0.023
0.023
0.023
0.023
0.023
0.023
0.023
0.023
0.023
0.023
0.023
0.023
0.023
0.023
0.023
0.023
0.023
0.023
0.023
0.023
0.023
0.023
0.023
0.018
0.018
0.018
0.018
0.018
0.018
0.018
0.018
0.018
0.018
0.018
0.018
0.018
0.018
0.018
0.018
0.018
0.018
0.018
0.013
0.018
0.013
0.018
0.013
0.018
0.013
0.018
0.018
0.013
0.018
0.013
0.013
0.018
0.018
0.018
0.018
0.018
0.018
0.018
0.018
0.018
0.018
0.018
0.018
0.018
0.018
0.018
0.018
0.018
0.018
0.018
0.018
0.018
0.018
0.018
0.018
0.018
0.018
0.018
0.018
0.018
0.023
0.023
0.023
0.023
0.023
0.027
0.032
0.032
0.032
0.032
0.032
0.027
0.032
0.027
0.027
0.027
0.032
0.027
0.032
0.027
0.027
0.027
0.027
0.027
0.027
0.023
0.023
0.023
0.023
0.023
0.023
0.023
0.023
0.023
0.023
0.023
0.023
0.023
0.023
0.023
0.023
0.023
0.023
0.023
0.023
0.023
0.023
0.018
0.023
0.023
0.018
0.018
0.018
0.018
0.018
0.018
0.018
0.018
0.018
0.018
0.018
0.018
0.018
0.018
0.018
0.018
0.018
0.018
0.023
0.023
0.023
0.023
0.023
0.027
0.027
0.032
0.037
0.037
0.037
0.037
0.037
0.062
0.091
0.101
0.11
0.164
0.169
0.169
0.193
0.198
0.223
0.232
0.228
0.237
0.242
0.281
0.281
0.291
0.296
0.296
0.296
0.316
0.316
0.311
0.32
0.325
0.34
0.345
0.355
0.355
0.35
0.355
0.355
0.355
0.359
0.355
0.359
0.364
0.369
0.369
0.374
0.379
0.379
0.379
0.389
0.389
0.394
0.394
0.394
0.399
0.403
0.408
0.403
0.408
0.408
0.408
0.408
0.418
0.423
0.433
0.433
0.438
0.408
0.394
0.394
0.403
0.418
0.418
0.418
0.418
0.418
0.413
0.418
0.418
0.418
0.428
0.423
0.442
0.423
0.423
0.433
0.438
0.452
0.457
0.491
0.496
0.491
0.496
0.496
0.496
0.501
0.501
0.506
0.496
0.501
0.501
0.501
0.506
0.506
0.506
0.506
0.506
0.501
0.506
0.511
0.525
0.525
0.525
0.53
0.535
0.545
0.55
0.55
0.555
0.565
0.569
0.569
0.579
0.584
0.589
0.594
0.594
0.604
0.608
0.613
0.623
0.623
0.623
0.623
0.623
0.613
0.618
0.643
0.648
0.648
0.662
0.667
0.677
0.682
0.691
0.696
0.701
0.711
0.721
0.77
0.784
0.794
0.799
0.804
0.823
0.833
0.843
0.843
0.853
0.857
0.862
0.862
0.867
0.877
0.887
0.892
0.897
0.897
0.901
0.936
0.95
0.96
0.96
0.97
0.97
0.975
0.98
0.984
0.989
0.999
1.004
1.009
1.014
1.019
1.019
1.028
1.043
1.038
1.028
1.043
1.043
1.043
1.033
1.048
1.058
1.077
1.092
1.097
1.107
1.116
1.136
1.141
1.15
1.15
1.15
1.15
1.16
1.16
1.17
1.17
1.18
1.185
1.199
1.199
1.204
1.209
1.209
1.214
1.219
1.224
1.224
1.224
1.233
1.233
1.238
1.243
1.248
1.253
1.253
1.263
1.268
1.273
1.277
1.287
1.287
1.287
1.292
1.292
1.297
1.292
1.287
1.282
1.302
1.321
1.316
1.326
1.341
1.351
1.37
1.356
1.365
1.37
1.365
1.375
1.385
1.395
1.399
1.399
1.419
1.434
1.424
1.429
1.448
1.424
1.424
1.419
1.419
1.443
1.443
1.439
1.434
1.424
1.434
1.443
1.429
1.424
1.39
1.336
1.326
1.321
1.341
1.356
1.36
1.37
1.36
1.37
1.38
1.385
1.395
1.395
1.404
1.414
1.399
1.399
1.399
1.395
1.419
1.439
1.458
1.453
1.473
1.468
1.473
1.478
1.482
1.487
1.482
1.502
1.502
1.512
1.522
1.531
1.526
1.536
1.566
1.575
1.59
1.595
1.605
1.609
1.609
1.619
1.629
1.614
1.619
1.624
1.629
1.644
1.644
1.649
1.639
1.644
1.653
1.668
1.673
1.678
1.692
1.697
1.688
1.692
1.683
1.692
1.688
1.707
1.702
1.707
1.722
1.727
1.722
1.722
1.722
1.707
1.722
1.727
1.732
1.732
1.727
1.727
1.717
1.697
1.707
1.702
1.678
1.678
1.717
1.702
1.678
1.683
1.702
1.683
1.697
1.673
1.678
1.678
1.668
1.605
1.692
1.746
1.712
1.639
1.629
1.595
1.585
1.692
1.663
1.644
1.614
1.609
1.619
1.624
1.649
1.609
1.624
1.658
1.595
1.58
1.556
1.663
1.653
1.658
1.668
1.683
1.678
1.668
1.614
1.639
1.649
1.649
1.673
1.678
1.692
1.746
1.756
1.732
1.712
1.751
1.751
1.756
1.732
1.775
1.79
1.78
1.78
1.756
1.741
1.732
1.736
1.78
1.771
1.751
1.712
1.663
1.683
1.653
1.668
1.678
1.634
1.634
1.688
1.673
1.653
1.634
1.634
1.663
1.712
1.736
1.668
1.683
1.692
1.717
1.746
1.727
1.707
1.668
1.702
1.717
1.697
1.658
1.624
1.658
1.707
1.741
1.702
1.805
1.834
1.722
1.751
1.712
1.727
1.688
1.829
1.658
1.658
1.658
1.653
1.58
1.688
1.619
1.6
1.556
1.492
1.522
1.629
1.683
1.663
1.57
1.531
1.658
1.634
1.639
1.644
1.58
1.522
1.536
1.517
1.482
1.448
1.307
1.238
1.16
1.16
1.014
0.916
0.853
0.794
0.701
0.662
0.565
0.55
0.53
0.54
0.511
0.447
0.452
0.408
0.403
0.399
0.379
0.374
0.34
0.301
0.272
0.237
0.208
0.213
0.193
0.203
0.193
0.169
0.174
0.174
0.193
0.189
0.179
0.174
0.154
0.149
0.154
0.159
0.145
0.14
0.14
0.14
0.135
0.135
0.14
0.13
0.145
0.14
0.135
0.125
0.12
0.096
0.066
0.062
0.057
0.052
0.042
0.037
0.032
0.042
0.042
0.027
0.027
0.027
0.023
0.023
0.023
0.023
0.027
0.023
0.023
0.023
0.023
0.023
0.027
0.032
0.027
0.023
0.023
0.018
0.018
0.027
0.027
0.027
0.027
0.018
0.018
0.018
0.018
0.013
0.013
0.018
0.018
0.013
0.018
0.018
0.018
0.018
0.018
0.018
0.018
0.018
0.018
0.018
0.018
0.018
0.018
0.018
0.018
0.018
0.018
0.018
0.018
0.018
0.018
0.018
0.018
0.018
0.018
0.018
0.018
0.018
0.018
0.018
0.018
0.018
0.018
0.018
0.018
0.018
0.018
0.018
0.018
0.018
0.018
0.018
0.018
0.018
0.018
0.018
0.018
0.018
0.018
0.018
0.018
0.018
0.018
0.018
0.023
0.023
0.023
0.018
0.023
0.018
0.023
0.023
0.018
0.018
0.018
0.018
0.018
0.018
0.018
0.018
0.018
0.018
0.018
0.018
0.018
0.018
0.018
0.018
0.018
0.018
0.018
0.018
0.018
0.018
0.018
0.018
0.018
0.013
0.018
0.013
0.018
0.018
0.018
0.018
0.018
0.018
0.018
0.018
0.018
0.018
0.018
0.018
0.018
0.018
0.018
0.018
0.018
0.018
0.018
0.018
0.018
0.018
0.018
0.018
0.018
0.018
0.018
0.018
0.018
0.018
0.018
0.018
0.018
0.018
0.018
0.018
0.018
0.018
0.018
0.018
0.018
0.018
0.018
0.018
0.018
0.018
0.018
0.018
0.018
0.018
0.018
0.018
0.018
0.018
0.018
0.018
0.018
0.018
0.018
0.018
0.018
0.018
0.018
0.018
0.018
0.018
0.018
0.018
0.018
0.018
0.018
0.018
0.018
0.018
0.018
0.018
0.018
0.018
0.018
0.018
0.018
0.018
0.018
0.018
0.018
0.018
0.018
0.018
0.018
0.018
0.018
0.018
0.018
0.018
0.018
0.018
0.018
0.018
0.018
0.018
0.018
0.018
0.018
0.018
0.018
0.018
0.018
0.018
0.018
0.018
0.018
0.018
0.018
0.018
0.018
0.018
0.018
0.018
0.018
0.018
0.018
0.018
0.018
0.023
0.018
0.018
0.023
0.023
0.023
0.018
0.023
0.023
0.023
0.023
0.023
0.023
0.023
0.023
0.023
0.023
0.023
0.023
0.023
0.023
0.023
0.023
0.023
0.023
0.023
0.023
0.023
0.023
0.023
0.023
0.023
0.023
0.023
0.023
0.023
0.023
0.023
0.023
0.023
0.023
0.023
0.023
0.023
0.023
0.023
0.023
0.023
0.023
0.023
0.023
0.023
0.023
0.023
0.023
0.023
0.023
0.018
0.018
0.018
0.018
0.018
0.018
0.018
0.018
0.018
0.018
0.018
0.018
0.018
0.018
0.018
0.018
0.018
0.018
0.013
0.013
0.013
0.013
0.013
0.013
0.013
0.013
0.013
0.013
0.013
0.013
0.013
0.013
0.013
0.013
0.013
0.013
0.013
0.013
0.013
0.013
0.013
0.013
0.013
0.013
0.013
0.013
0.013
0.013
0.013
0.013
0.013
0.013
0.013
0.013
0.018
0.013
0.013
0.018
0.018
0.018
0.013
0.018
0.018
0.018
0.013
0.018
0.013
0.018
0.018
0.018
0.018
0.018
0.018
0.018
0.018
0.018
0.018
0.018
0.018
0.018
0.018
0.018
0.018
0.018
0.018
0.018
0.018
0.018
0.023
0.023
0.023
0.023
0.027
0.032
0.037
0.042
0.042
0.042
0.037
0.037
0.042
0.037
0.042
0.037
0.032
0.032
0.032
0.027
0.032
0.027
0.027
0.027
0.027
0.027
0.023
0.023
0.023
0.023
0.023
0.023
0.023
0.023
0.023
0.023
0.023
0.023
0.023
0.023
0.023
0.023
0.023
0.023
0.023
0.023
0.023
0.018
0.023
0.023
0.023
0.023
0.023
0.018
0.023
0.018
0.018
0.018
0.018
0.018
0.018
0.018
0.023
0.023
0.023
0.023
0.023
0.023
0.023
0.027
0.023
0.023
0.023
0.027
0.027
0.027
0.027
0.027
0.027
0.032
0.032
0.047
0.052
0.037
0.057
0.12
0.12
0.101
0.101
0.11
0.159
0.203
0.193
0.179
0.203
0.208
0.228
0.242
0.237
0.247
0.252
0.267
0.272
0.276
0.281
0.291
0.296
0.301
0.306
0.316
0.325
0.33
0.335
0.34
0.345
0.345
0.345
0.355
0.355
0.355
0.364
0.359
0.359
0.369
0.374
0.369
0.374
0.379
0.379
0.379
0.374
0.374
0.374
0.374
0.374
0.374
0.379
0.379
0.379
0.374
0.374
0.374
0.374
0.379
0.379
0.379
0.379
0.389
0.389
0.394
0.394
0.394
0.399
0.399
0.389
0.389
0.389
0.384
0.394
0.394
0.403
0.394
0.389
0.394
0.394
0.394
0.399
0.394
0.408
0.403
0.403
0.403
0.394
0.384
0.384
0.394
0.399
0.399
0.394
0.394
0.399
0.394
0.394
0.394
0.399
0.413
0.408
0.408
0.399
0.399
0.413
0.423
0.428
0.413
0.413
0.413
0.418
0.418
0.408
0.413
0.418
0.423
0.418
0.418
0.433
0.413
0.418
0.418
0.408
0.423
0.408
0.394
0.399
0.403
0.389
0.374
0.364
0.355
0.369
0.355
0.359
0.374
0.369
0.384
0.374
0.379
0.355
0.355
0.345
0.379
0.369
0.384
0.369
0.359
0.364
0.364
0.355
0.359
0.355
0.355
0.355
0.345
0.35
0.35
0.35
0.35
0.345
0.359
0.364
0.359
0.369
0.379
0.374
0.359
0.389
0.384
0.394
0.394
0.389
0.374
0.389
0.399
0.408
0.408
0.408
0.408
0.399
0.394
0.394
0.394
0.399
0.408
0.408
0.403
0.403
0.408
0.413
0.423
0.418
0.423
0.433
0.433
0.433
0.433
0.428
0.418
0.413
0.418
0.423
0.423
0.433
0.433
0.433
0.438
0.438
0.438
0.438
0.442
0.452
0.452
0.452
0.452
0.467
0.467
0.482
0.501
0.525
0.53
0.53
0.53
0.535
0.55
0.555
0.565
0.565
0.565
0.565
0.565
0.569
0.569
0.574
0.584
0.589
0.594
0.594
0.599
0.599
0.604
0.618
0.618
0.618
0.623
0.628
0.628
0.628
0.633
0.638
0.662
0.667
0.667
0.672
0.682
0.677
0.682
0.691
0.696
0.701
0.706
0.711
0.721
0.721
0.735
0.735
0.75
0.755
0.76
0.784
0.789
0.789
0.794
0.794
0.799
0.809
0.823
0.848
0.862
0.872
0.877
0.882
0.887
0.901
0.892
0.887
0.897
0.906
0.911
0.911
0.916
0.921
0.931
0.941
0.936
0.955
0.955
0.96
0.97
0.975
0.984
0.994
1.009
1.024
1.038
1.033
1.033
1.063
1.072
1.077
1.087
1.092
1.102
1.107
1.111
1.121
1.116
1.111
1.121
1.131
1.126
1.107
1.111
1.121
1.116
1.102
1.097
1.102
1.107
1.111
1.121
1.116
1.121
1.126
1.136
1.136
1.146
1.15
1.18
1.185
1.185
1.19
1.199
1.209
1.219
1.224
1.224
1.233
1.238
1.243
1.253
1.268
1.277
1.282
1.277
1.258
1.258
1.273
1.268
1.287
1.297
1.292
1.297
1.307
1.312
1.316
1.321
1.346
1.365
1.365
1.37
1.375
1.39
1.399
1.409
1.404
1.414
1.414
1.414
1.409
1.399
1.414
1.414
1.429
1.443
1.453
1.458
1.478
1.482
1.482
1.443
1.473
1.478
1.468
1.487
1.497
1.482
1.492
1.492
1.497
1.482
1.487
1.492
1.507
1.517
1.512
1.507
1.531
1.536
1.531
1.517
1.531
1.512
1.517
1.517
1.541
1.541
1.531
1.556
1.556
1.526
1.551
1.531
1.541
1.556
1.561
1.536
1.58
1.546
1.561
1.556
1.556
1.551
1.556
1.556
1.556
1.57
1.566
1.556
1.541
1.541
1.551
1.551
1.536
1.512
1.492
1.507
1.531
1.536
1.517
1.536
1.566
1.57
1.546
1.561
1.502
1.507
1.531
1.512
1.463
1.419
1.453
1.453
1.453
1.434
1.434
1.434
1.424
1.399
1.385
1.365
1.341
1.336
1.375
1.307
1.243
1.214
1.185
1.204
1.194
1.097
1.072
1.072
1.048
0.945
0.877
0.794
0.838
0.853
0.828
0.716
0.608
0.574
0.589
0.535
0.418
0.423
0.428
0.413
0.389
0.369
0.34
0.252
0.203
0.189
0.184
0.174
0.203
0.223
0.228
0.189
0.218
0.213
0.213
0.213
0.198
0.179
0.174
0.154
0.115
0.125
0.11
0.096
0.086
0.106
0.115
0.106
0.11
0.12
0.12
0.12
0.11
0.096
0.076
0.076
0.076
0.071
0.066
0.066
0.052
0.052
0.052
0.057
0.052
0.047
0.042
0.037
0.037
0.032
0.023
0.023
0.018
0.018
0.018
0.018
0.018
0.018
0.018
0.023
0.023
0.023
0.023
0.023
0.023
0.018
0.018
0.018
0.018
0.018
0.018
0.032
0.032
0.032
0.027
0.027
0.023
0.023
0.023
0.023
0.018
0.018
0.018
0.018
0.018
0.013
0.013
0.018
0.018
0.018
0.018
0.018
0.018
0.018
0.018
0.018
0.018
0.018
0.018
0.018
0.018
0.018
0.018
0.018
0.018
0.018
0.018
0.018
0.018
0.018
0.018
0.018
0.018
0.018
0.018
0.018
0.018
0.018
0.018
0.018
0.018
0.018
0.018
0.018
0.018
0.018
0.018
0.018
0.018
0.018
0.018
0.023
0.018
0.018
0.023
0.023
0.023
0.023
0.023
0.023
0.023
0.023
0.023
0.023
0.023
0.018
0.023
0.023
0.023
0.018
0.018
0.018
0.018
0.018
0.018
0.018
0.018
0.018
0.018
0.018
0.018
0.018
0.018
0.018
0.018
0.018
0.018
0.018
0.018
0.018
0.018
0.018
0.018
0.018
0.018
0.018
0.018
0.018
0.018
0.018
0.018
0.018
0.018
0.018
0.018
0.018
0.018
0.018
0.018
0.018
0.018
0.018
0.018
0.018
0.018
0.018
0.018
0.018
0.018
0.018
0.018
0.018
0.018
0.018
0.018
0.018
0.018
0.018
0.018
0.018
0.018
0.018
0.018
0.018
0.018
0.018
0.018
0.018
0.018
0.018
0.018
0.018
0.018
0.018
0.018
0.018
0.018
0.018
0.018
0.018
0.018
0.018
0.018
0.018
0.018
0.018
0.018
0.018
0.018
0.018
0.018
0.018
0.018
0.018
0.018
0.018
0.018
0.018
0.018
0.018
0.018
0.018
0.018
0.018
0.018
0.018
0.018
0.018
0.018
0.018
0.018
0.023
0.018
0.018
0.023
0.023
0.023
0.023
0.023
0.023
0.023
0.023
0.023
0.023
0.023
0.023
0.023
0.023
0.023
0.023
0.023
0.023
0.023
0.023
0.023
0.023
0.023
0.023
0.023
0.023
0.023
0.023
0.023
0.023
0.023
0.023
0.023
0.023
0.023
0.023
0.023
0.023
0.023
0.023
0.023
0.023
0.023
0.023
0.023
0.023
0.023
0.023
0.023
0.023
0.023
0.023
0.023
0.023
0.023
0.023
0.023
0.023
0.023
0.018
0.023
0.023
0.023
0.023
0.018
0.023
0.023
0.023
0.023
0.023
0.023
0.023
0.023
0.023
0.023
0.023
0.023
0.023
0.023
0.023
0.023
0.023
0.023
0.023
0.023
0.023
0.023
0.023
0.023
0.023
0.023
0.023
0.023
0.023
0.023
0.023
0.023
0.023
0.023
0.018
0.018
0.018
0.018
0.018
0.018
0.018
0.018
0.018
0.018
0.018
0.013
0.013
0.013
0.013
0.013
0.013
0.013
0.013
0.013
0.013
0.013
0.013
0.013
0.013
0.013
0.013
0.013
0.013
0.013
0.013
0.013
0.013
0.013
0.013
0.013
0.013
0.013
0.013
0.013
0.013
0.013
0.013
0.013
0.013
0.013
0.018
0.013
0.018
0.018
0.018
0.018
0.018
0.018
0.018
0.018
0.018
0.018
0.018
0.018
0.018
0.018
0.018
0.018
0.018
0.023
0.023
0.023
0.023
0.023
0.027
0.027
0.032
0.037
0.042
0.047
0.047
0.047
0.042
0.042
0.042
0.042
0.032
0.037
0.037
0.037
0.037
0.027
0.027
0.027
0.027
0.023
0.023
0.023
0.023
0.023
0.023
0.023
0.023
0.023
0.023
0.023
0.023
0.023
0.023
0.023
0.023
0.023
0.023
0.023
0.023
0.023
0.018
0.018
0.018
0.018
0.018
0.018
0.018
0.018
0.018
0.018
0.018
0.018
0.018
0.018
0.018
0.018
0.018
0.018
0.018
0.018
0.018
0.023
0.023
0.023
0.023
0.023
0.023
0.023
0.023
0.023
0.023
0.023
0.023
0.023
0.023
0.023
0.027
0.027
0.027
0.027
0.027
0.027
0.027
0.027
0.027
0.027
0.042
0.037
0.052
0.042
0.052
0.062
0.057
0.101
0.125
0.154
0.232
0.198
0.189
0.208
0.218
0.257
0.252
0.272
0.267
0.267
0.267
0.272
0.286
0.296
0.296
0.306
0.306
0.301
0.301
0.301
0.33
0.34
0.355
0.355
0.35
0.345
0.35
0.355
0.364
0.359
0.359
0.359
0.355
0.355
0.355
0.345
0.345
0.359
0.364
0.359
0.359
0.359
0.359
0.35
0.355
0.355
0.359
0.364
0.369
0.374
0.384
0.384
0.389
0.403
0.403
0.394
0.399
0.399
0.399
0.389
0.389
0.403
0.408
0.413
0.408
0.408
0.408
0.408
0.413
0.413
0.418
0.423
0.428
0.428
0.428
0.428
0.428
0.447
0.452
0.452
0.452
0.457
0.467
0.467
0.472
0.477
0.477
0.477
0.491
0.491
0.491
0.491
0.491
0.491
0.496
0.496
0.506
0.516
0.511
0.521
0.521
0.525
0.53
0.535
0.535
0.535
0.545
0.545
0.545
0.545
0.55
0.55
0.55
0.55
0.555
0.56
0.565
0.565
0.569
0.569
0.565
0.569
0.569
0.565
0.569
0.574
0.579
0.579
0.579
0.574
0.579
0.579
0.589
0.594
0.594
0.594
0.594
0.599
0.613
0.613
0.613
0.618
0.618
0.633
0.638
0.638
0.643
0.643
0.696
0.701
0.716
0.721
0.721
0.726
0.726
0.731
0.731
0.745
0.755
0.77
0.779
0.789
0.799
0.814
0.848
0.857
0.853
0.862
0.867
0.882
0.892
0.906
0.906
0.926
0.926
0.936
0.945
0.95
0.955
0.955
0.96
0.965
0.975
0.98
0.984
0.989
0.999
1.009
1.019
1.033
1.043
1.053
1.058
1.067
1.067
1.077
1.082
1.092
1.092
1.097
1.111
1.116
1.121
1.121
1.116
1.111
1.116
1.121
1.126
1.141
1.15
1.155
1.165
1.165
1.18
1.185
1.185
1.194
1.204
1.209
1.199
1.209
1.224
1.243
1.253
1.263
1.268
1.277
1.282
1.297
1.292
1.292
1.302
1.312
1.321
1.336
1.341
1.356
1.36
1.365
1.36
1.36
1.36
1.365
1.37
1.38
1.375
1.38
1.385
1.395
1.404
1.419
1.424
1.439
1.439
1.443
1.458
1.463
1.468
1.478
1.487
1.487
1.492
1.497
1.502
1.502
1.512
1.522
1.517
1.526
1.541
1.551
1.556
1.551
1.551
1.561
1.551
1.551
1.556
1.556
1.556
1.556
1.57
1.57
1.595
1.6
1.619
1.619
1.624
1.653
1.658
1.658
1.688
1.702
1.697
1.712
1.712
1.736
1.722
1.756
1.756
1.775
1.785
1.79
1.79
1.829
1.839
1.849
1.878
1.868
1.858
1.863
1.868
1.898
1.907
1.917
1.917
1.917
1.932
1.902
1.878
1.883
1.883
1.878
1.888
1.898
1.883
1.888
1.849
1.839
1.722
1.551
1.575
1.658
1.629
1.639
1.595
1.688
1.639
1.649
1.741
1.707
1.649
1.732
1.712
1.722
1.692
1.751
1.649
1.585
1.727
1.692
1.746
1.673
1.614
1.795
1.697
1.717
1.756
1.575
1.492
1.448
1.561
1.531
1.512
1.37
1.448
1.419
1.404
1.478
1.395
1.463
1.478
1.57
1.614
1.629
1.566
1.566
1.6
1.634
1.482
1.561
1.585
1.688
1.732
1.727
1.756
1.732
1.678
1.658
1.6
1.526
1.561
1.658
1.546
1.619
1.614
1.551
1.585
1.536
1.551
1.541
1.453
1.497
1.439
1.439
1.702
1.585
1.561
1.609
1.741
1.756
1.775
1.795
1.795
1.819
1.863
1.912
2.015
1.961
1.995
1.927
1.902
1.893
1.868
1.766
1.78
1.771
1.688
1.81
1.844
1.883
1.79
1.815
1.824
1.902
1.937
2.01
2.005
2.034
2.015
2.01
1.971
1.927
1.956
1.976
2.005
2.005
2.039
2.039
2.01
1.932
2.044
2.127
2.225
2.269
2.264
2.259
2.274
2.332
2.357
2.357
2.371
2.4
2.386
2.293
2.254
2.161
2.024
1.937
1.912
1.961
1.736
1.517
1.692
1.775
1.649
1.702
1.741
1.771
1.912
1.927
1.902
1.819
1.761
1.678
1.683
1.644
1.644
1.419
1.487
1.38
1.385
1.146
1.092
1.009
0.975
0.828
0.921
0.755
0.569
0.511
0.521
0.482
0.467
0.389
0.335
0.325
0.286
0.296
0.252
0.257
0.272
0.252
0.232
0.208
0.208
0.184
0.193
0.179
0.159
0.145
0.145
0.14
0.14
0.125
0.135
0.145
0.135
0.13
0.13
0.14
0.149
0.145
0.14
0.125
0.11
0.11
0.096
0.101
0.086
0.066
0.057
0.057
0.042
0.037
0.027
0.027
0.027
0.047
0.042
0.042
0.042
0.037
0.032
0.032
0.027
0.023
0.018
0.018
0.018
0.018
0.018
0.018
0.018
0.018
0.018
0.023
0.023
0.023
0.023
0.023
0.018
0.018
0.023
0.032
0.032
0.018
0.018
0.018
0.018
0.018
0.018
0.018
0.032
0.027
0.027
0.027
0.023
0.027
0.023
0.023
0.023
0.023
0.023
0.023
0.023
0.023
0.023
0.023
0.018
0.018
0.018
0.018
0.018
0.018
0.018
0.018
0.018
0.018
0.018
0.018
0.018
0.018
0.018
0.018
0.018
0.018
0.018
0.018
0.013
0.018
0.013
0.013
0.018
0.018
0.018
0.018
0.018
0.018
0.018
0.018
0.018
0.018
0.013
0.018
0.018
0.013
0.018
0.018
0.013
0.013
0.013
0.013
0.018
0.013
0.018
0.018
0.018
0.018
0.018
0.018
0.018
0.018
0.018
0.018
0.018
0.018
0.018
0.018
0.018
0.018
0.018
0.018
0.018
0.018
0.018
0.018
0.018
0.018
0.018
0.018
0.018
0.018
0.018
0.018
0.018
0.018
0.013
0.018
0.013
0.018
0.018
0.018
0.018
0.018
0.013
0.018
0.018
0.018
0.018
0.018
0.018
0.018
0.018
0.018
0.018
0.018
0.018
0.018
0.018
0.018
0.018
0.018
0.018
0.018
0.018
0.018
0.018
0.018
0.018
0.018
0.018
0.018
0.018
0.018
0.018
0.018
0.018
0.018
0.018
0.018
0.018
0.018
0.018
0.018
0.018
0.018
0.018
0.018
0.018
0.018
0.018
0.018
0.018
0.018
0.018
0.018
0.018
0.018
0.018
0.018
0.018
0.018
0.018
0.018
0.018
0.018
0.018
0.018
0.018
0.018
0.018
0.018
0.018
0.018
0.018
0.018
0.018
0.018
0.018
0.018
0.018
0.018
0.018
0.018
0.023
0.018
0.018
0.023
0.023
0.023
0.023
0.023
0.018
0.018
0.018
0.023
0.023
0.018
0.023
0.018
0.023
0.018
0.023
0.023
0.023
0.023
0.023
0.023
0.023
0.023
0.023
0.023
0.023
0.023
0.023
0.023
0.023
0.023
0.023
0.023
0.023
0.023
0.023
0.023
0.023
0.023
0.023
0.023
0.023
0.023
0.023
0.023
0.023
0.023
0.023
0.023
0.023
0.023
0.023
0.023
0.023
0.023
0.023
0.023
0.023
0.023
0.023
0.023
0.023
0.023
0.023
0.023
0.023
0.023
0.023
0.023
0.023
0.023
0.023
0.023
0.023
0.023
0.023
0.023
0.023
0.023
0.023
0.023
0.023
0.023
0.023
0.023
0.023
0.023
0.023
0.023
0.018
0.018
0.018
0.018
0.018
0.018
0.018
0.018
0.018
0.018
0.018
0.018
0.018
0.018
0.018
0.018
0.018
0.013
0.013
0.013
0.013
0.013
0.013
0.013
0.013
0.013
0.013
0.013
0.013
0.018
0.013
0.013
0.013
0.013
0.013
0.018
0.013
0.013
0.013
0.013
0.013
0.013
0.013
0.013
0.013
0.013
0.013
0.013
0.013
0.013
0.018
0.018
0.018
0.018
0.018
0.018
0.018
0.013
0.018
0.013
0.018
0.013
0.013
0.013
0.013
0.013
0.018
0.018
0.018
0.018
0.018
0.018
0.018
0.018
0.018
0.018
0.018
0.018
0.018
0.018
0.018
0.018
0.018
0.018
0.018
0.018
0.018
0.018
0.018
0.018
0.023
0.023
0.023
0.023
0.023
0.023
0.027
0.027
0.027
0.032
0.037
0.047
0.052
0.057
0.057
0.052
0.047
0.047
0.047
0.042
0.042
0.037
0.037
0.037
0.032
0.027
0.027
0.027
0.027
0.023
0.023
0.023
0.023
0.023
0.023
0.023
0.023
0.023
0.023
0.023
0.023
0.023
0.027
0.023
0.023
0.027
0.023
0.023
0.023
0.023
0.023
0.018
0.018
0.018
0.018
0.018
0.018
0.018
0.018
0.018
0.018
0.018
0.018
0.018
0.018
0.018
0.018
0.018
0.018
0.018
0.023
0.023
0.023
0.023
0.023
0.023
0.023
0.023
0.027
0.027
0.027
0.027
0.032
0.032
0.032
0.032
0.032
0.032
0.032
0.032
0.027
0.032
0.037
0.037
0.052
0.101
0.091
0.086
0.091
0.125
0.169
0.189
0.203
0.228
0.237
0.228
0.232
0.237
0.242
0.242
0.267
0.272
0.276
0.281
0.281
0.276
0.281
0.281
0.281
0.311
0.316
0.316
0.311
0.306
0.311
0.316
0.32
0.335
0.345
0.35
0.35
0.345
0.345
0.345
0.345
0.35
0.35
0.355
0.355
0.359
0.364
0.369
0.369
0.369
0.369
0.374
0.374
0.379
0.379
0.374
0.379
0.379
0.379
0.379
0.379
0.399
0.399
0.403
0.403
0.403
0.403
0.408
0.408
0.408
0.408
0.403
0.403
0.408
0.403
0.413
0.413
0.413
0.418
0.418
0.413
0.418
0.418
0.418
0.418
0.418
0.418
0.418
0.408
0.408
0.418
0.418
0.423
0.428
0.428
0.428
0.428
0.428
0.433
0.438
0.438
0.438
0.447
0.447
0.452
0.452
0.467
0.472
0.477
0.477
0.482
0.486
0.491
0.491
0.496
0.501
0.506
0.511
0.516
0.521
0.525
0.525
0.53
0.535
0.54
0.545
0.545
0.555
0.565
0.565
0.565
0.565
0.56
0.569
0.569
0.569
0.574
0.569
0.574
0.584
0.594
0.599
0.604
0.604
0.618
0.618
0.618
0.623
0.623
0.623
0.628
0.633
0.633
0.643
0.643
0.648
0.648
0.652
0.652
0.652
0.667
0.677
0.677
0.687
0.691
0.691
0.706
0.716
0.731
0.74
0.755
0.77
0.784
0.799
0.809
0.818
0.833
0.838
0.843
0.848
0.853
0.867
0.867
0.877
0.892
0.897
0.901
0.911
0.911
0.911
0.916
0.926
0.931
0.936
0.936
0.941
0.96
0.97
0.975
0.98
0.984
0.994
1.009
1.019
1.024
1.028
1.033
1.038
1.043
1.053
1.053
1.058
1.063
1.063
1.067
1.077
1.077
1.087
1.092
1.102
1.116
1.126
1.131
1.141
1.15
1.155
1.16
1.17
1.175
1.185
1.199
1.219
1.233
1.238
1.248
1.253
1.248
1.253
1.258
1.268
1.268
1.282
1.292
1.297
1.307
1.316
1.316
1.321
1.331
1.341
1.341
1.356
1.356
1.356
1.365
1.37
1.37
1.375
1.375
1.39
1.399
1.409
1.414
1.419
1.424
1.424
1.439
1.443
1.448
1.453
1.448
1.453
1.458
1.463
1.473
1.473
1.492
1.492
1.502
1.502
1.512
1.512
1.522
1.551
1.561
1.566
1.575
1.585
1.595
1.605
1.6
1.614
1.619
1.624
1.624
1.634
1.653
1.663
1.673
1.673
1.692
1.702
1.707
1.732
1.746
1.751
1.766
1.775
1.78
1.805
1.819
1.815
1.824
1.824
1.849
1.844
1.844
1.844
1.858
1.873
1.898
1.927
1.932
1.932
1.951
1.956
1.927
1.941
1.971
1.971
1.981
1.981
1.99
2.01
2.034
2.024
2.024
2.054
2.044
2.054
2.088
2.098
2.088
2.112
2.112
2.112
2.137
2.132
2.166
2.176
2.176
2.166
2.171
2.171
2.161
2.191
2.21
2.2
2.195
2.215
2.225
2.215
2.2
2.195
2.205
2.22
2.22
2.205
2.205
2.147
1.99
2.034
1.995
1.883
1.722
1.688
1.727
1.819
1.8
1.761
1.751
1.741
1.668
1.605
1.668
1.722
1.663
1.653
1.507
1.517
1.492
1.644
1.688
1.614
1.775
1.746
1.8
1.741
1.858
1.8
1.829
1.766
1.8
1.81
1.902
1.766
1.966
2.005
1.937
1.976
2.083
2.034
2.073
2.029
2.064
2.078
1.995
2.137
2.044
2.039
2.073
2.147
2.137
2.098
2.195
2.239
2.264
2.264
2.239
2.239
2.244
2.249
2.23
2.234
2.278
2.322
2.313
2.332
2.332
2.352
2.342
2.376
2.361
2.361
2.264
2.234
2.225
2.073
2.234
2.244
2.22
2.23
2.2
2.181
2.191
2.191
2.22
2.176
2.23
2.127
2.2
2.249
2.2
2.278
2.288
2.269
2.274
2.278
2.259
2.23
2.239
2.249
2.254
2.249
2.259
2.259
2.317
2.347
2.361
2.391
2.488
2.513
2.464
2.479
2.493
2.469
2.332
2.288
2.171
2.22
2.244
2.274
2.142
2.186
2.093
2.234
2.054
1.976
1.893
1.971
2.107
2
2.034
2.117
2.156
2.059
2.015
1.932
1.961
1.878
1.858
1.858
1.805
1.844
1.81
1.697
1.673
1.6
1.453
1.312
1.253
1.18
1.009
0.965
0.843
0.833
0.701
0.599
0.525
0.584
0.477
0.325
0.311
0.276
0.223
0.228
0.218
0.203
0.169
0.198
0.198
0.218
0.203
0.193
0.169
0.174
0.159
0.149
0.149
0.14
0.135
0.13
0.13
0.13
0.125
0.13
0.13
0.125
0.125
0.115
0.11
0.101
0.091
0.086
0.071
0.076
0.062
0.052
0.037
0.037
0.042
0.032
0.027
0.027
0.032
0.027
0.027
0.027
0.027
0.023
0.032
0.027
0.023
0.023
0.018
0.023
0.023
0.027
0.027
0.023
0.023
0.018
0.018
0.018
0.018
0.018
0.018
0.018
0.018
0.018
0.018
0.018
0.018
0.018
0.018
0.018
0.018
0.018
0.023
0.027
0.027
0.027
0.027
0.023
0.023
0.023
0.018
0.018
0.018
0.018
0.023
0.023
0.023
0.023
0.023
0.023
0.027
0.027
0.018
0.018
0.018
0.023
0.023
0.023
0.023
0.023
0.018
0.018
0.018
0.018
0.018
0.023
0.018
0.018
0.018
0.023
0.023
0.023
0.023
0.023
0.023
0.023
0.018
0.018
0.018
0.018
0.018
0.018
0.018
0.018
0.018
0.018
0.018
0.018
0.023
0.023
0.023
0.023
0.023
0.023
0.023
0.023
0.023
0.023
0.023
0.023
0.023
0.023
0.023
0.023
0.023
0.023
0.023
0.023
0.023
0.018
0.023
0.023
0.018
0.018
0.023
0.023
0.023
0.018
0.018
0.018
0.018
0.018
0.018
0.018
0.018
0.018
0.018
0.018
0.018
0.018
0.018
0.018
0.018
0.018
0.018
0.018
0.018
0.018
0.018
0.018
0.018
0.018
0.018
0.018
0.018
0.018
0.018
0.018
0.018
0.018
0.018
0.018
0.018
0.018
0.018
0.018
0.018
0.018
0.018
0.018
0.018
0.018
0.018
0.018
0.018
0.018
0.018
0.018
0.018
0.018
0.018
0.018
0.023
0.023
0.023
0.023
0.023
0.018
0.023
0.023
0.023
0.023
0.018
0.018
0.018
0.023
0.018
0.018
0.023
0.023
0.023
0.023
0.023
0.023
0.023
0.023
0.023
0.023
0.023
0.023
0.023
0.023
0.023
0.018
0.018
0.023
0.023
0.023
0.023
0.023
0.023
0.023
0.023
0.023
0.023
0.023
0.023
0.023
0.023
0.023
0.023
0.023
0.023
0.023
0.023
0.023
0.023
0.023
0.023
0.023
0.023
0.023
0.023
0.023
0.023
0.023
0.023
0.023
0.023
0.023
0.023
0.023
0.023
0.023
0.023
0.023
0.023
0.023
0.023
0.023
0.023
0.023
0.023
0.023
0.023
0.023
0.023
0.023
0.023
0.023
0.023
0.023
0.023
0.023
0.023
0.023
0.023
0.023
0.023
0.023
0.023
0.023
0.023
0.023
0.023
0.023
0.023
0.023
0.023
0.023
0.023
0.018
0.023
0.018
0.018
0.018
0.018
0.018
0.018
0.023
0.018
0.018
0.018
0.018
0.018
0.023
0.018
0.018
0.018
0.018
0.018
0.018
0.018
0.018
0.018
0.018
0.018
0.018
0.018
0.018
0.018
0.018
0.018
0.018
0.018
0.018
0.018
0.018
0.018
0.018
0.018
0.018
0.018
0.013
0.013
0.018
0.013
0.018
0.018
0.018
0.018
0.018
0.018
0.018
0.018
0.018
0.018
0.013
0.013
0.013
0.013
0.013
0.013
0.013
0.013
0.013
0.013
0.018
0.018
0.018
0.018
